# Cube
# (position, color)

## Top wall

1 1 1 0 0 1
1 1 -1 0 0 1
-1 1 -1 0 0 1
-1 1 -1 0 0 0.75
-1 1 1 0 0 0.75
1 1 1 0 0 0.75

## Side walls

1 1 1 0 1 0
1 1 -1 0 1 0
1 -1 -1 0 1 0
1 -1 -1 0 0.75 0
1 -1 1 0 0.75 0
1 1 1 0 0.75 0

1 1 -1 0 1 1
-1 1 -1 0 1 1
-1 -1 -1 0 1 1
-1 -1 -1 0 0.75 0.75
1 -1 -1 0 0.75 0.75
1 1 -1 0 0.75 0.75

-1 1 -1 1 0 0
-1 1 1 1 0 0
-1 -1 1 1 0 0
-1 -1 1 0.75 0 0
-1 -1 -1 0.75 0 0
-1 1 -1 0.75 0 0

-1 1 1 1 0 1
1 1 1 1 0 1
1 -1 1 1 0 1
1 -1 1 0.75 0 0.75
-1 -1 1 0.75 0 0.75
-1 1 1 0.75 0 0.75

## Bottom wall

1 -1 1 1 1 0
1 -1 -1 1 1 0
-1 -1 -1 1 1 0
-1 -1 -1 0.75 0.75 0
-1 -1 1 0.75 0.75 0
1 -1 1 0.75 0.75 0
