# Low quality sphere
# (position, color, normal)

0 0 -2 1 1 1 -0 0 -1
-0.722483 0 -1.86494 1 1 1 -0.361242 0 -0.932472
0 0.765367 -1.84776 1 1 1 -0 0.382683 -0.92388
-0.722483 0 -1.86494 1 1 1 -0.361242 0 -0.932472
-0.667488 0.765367 -1.72298 1 1 1 -0.333744 0.382683 -0.861492
0 0.765367 -1.84776 1 1 1 -0 0.382683 -0.92388
-0.722483 0 -1.86494 1 1 1 -0.361242 0 -0.932472
-1.34739 0 -1.47802 1 1 1 -0.673696 0 -0.739009
-0.667488 0.765367 -1.72298 1 1 1 -0.333744 0.382683 -0.861492
-1.34739 0 -1.47802 1 1 1 -0.673696 0 -0.739009
-1.24483 0.765367 -1.36551 1 1 1 -0.622414 0.382683 -0.682755
-0.667488 0.765367 -1.72298 1 1 1 -0.333744 0.382683 -0.861492
-1.34739 0 -1.47802 1 1 1 -0.673696 0 -0.739009
-1.79033 0 -0.891477 1 1 1 -0.895163 0 -0.445738
-1.24483 0.765367 -1.36551 1 1 1 -0.622414 0.382683 -0.682755
-1.79033 0 -0.891477 1 1 1 -0.895163 0 -0.445738
-1.65405 0.765367 -0.823617 1 1 1 -0.827023 0.382683 -0.411809
-1.24483 0.765367 -1.36551 1 1 1 -0.622414 0.382683 -0.682755
-1.79033 0 -0.891477 1 1 1 -0.895163 0 -0.445738
-1.99147 0 -0.184537 1 1 1 -0.995734 0 -0.0922684
-1.65405 0.765367 -0.823617 1 1 1 -0.827023 0.382683 -0.411809
-1.99147 0 -0.184537 1 1 1 -0.995734 0 -0.0922684
-1.83988 0.765367 -0.17049 1 1 1 -0.919938 0.382683 -0.0852448
-1.65405 0.765367 -0.823617 1 1 1 -0.827023 0.382683 -0.411809
-1.99147 0 -0.184537 1 1 1 -0.995734 0 -0.0922684
-1.92365 0 0.547326 1 1 1 -0.961826 0 0.273663
-1.83988 0.765367 -0.17049 1 1 1 -0.919938 0.382683 -0.0852448
-1.92365 0 0.547326 1 1 1 -0.961826 0 0.273663
-1.77722 0.765367 0.505663 1 1 1 -0.888611 0.382683 0.252832
-1.83988 0.765367 -0.17049 1 1 1 -0.919938 0.382683 -0.0852448
-1.92365 0 0.547326 1 1 1 -0.961826 0 0.273663
-1.59603 0 1.20527 1 1 1 -0.798017 0 0.602635
-1.77722 0.765367 0.505663 1 1 1 -0.888611 0.382683 0.252832
-1.59603 0 1.20527 1 1 1 -0.798017 0 0.602635
-1.47454 0.765367 1.11352 1 1 1 -0.737272 0.382683 0.556762
-1.77722 0.765367 0.505663 1 1 1 -0.888611 0.382683 0.252832
-1.59603 0 1.20527 1 1 1 -0.798017 0 0.602635
-1.05286 0 1.70043 1 1 1 -0.526432 0 0.850217
-1.47454 0.765367 1.11352 1 1 1 -0.737272 0.382683 0.556762
-1.05286 0 1.70043 1 1 1 -0.526432 0 0.850217
-0.97272 0.765367 1.571 1 1 1 -0.48636 0.382683 0.785498
-1.47454 0.765367 1.11352 1 1 1 -0.737272 0.382683 0.556762
-1.05286 0 1.70043 1 1 1 -0.526432 0 0.850217
-0.367499 0 1.96595 1 1 1 -0.18375 0 0.982973
-0.97272 0.765367 1.571 1 1 1 -0.48636 0.382683 0.785498
-0.367499 0 1.96595 1 1 1 -0.18375 0 0.982973
-0.339525 0.765367 1.8163 1 1 1 -0.169762 0.382683 0.908149
-0.97272 0.765367 1.571 1 1 1 -0.48636 0.382683 0.785498
-0.367499 0 1.96595 1 1 1 -0.18375 0 0.982973
0.367499 0 1.96595 1 1 1 0.18375 0 0.982973
-0.339525 0.765367 1.8163 1 1 1 -0.169762 0.382683 0.908149
0.367499 0 1.96595 1 1 1 0.18375 0 0.982973
0.339525 0.765367 1.8163 1 1 1 0.169762 0.382683 0.908149
-0.339525 0.765367 1.8163 1 1 1 -0.169762 0.382683 0.908149
0.367499 0 1.96595 1 1 1 0.18375 0 0.982973
1.05286 0 1.70043 1 1 1 0.526432 0 0.850217
0.339525 0.765367 1.8163 1 1 1 0.169762 0.382683 0.908149
1.05286 0 1.70043 1 1 1 0.526432 0 0.850217
0.97272 0.765367 1.571 1 1 1 0.48636 0.382683 0.785498
0.339525 0.765367 1.8163 1 1 1 0.169762 0.382683 0.908149
1.05286 0 1.70043 1 1 1 0.526432 0 0.850217
1.59603 0 1.20527 1 1 1 0.798017 0 0.602635
0.97272 0.765367 1.571 1 1 1 0.48636 0.382683 0.785498
1.59603 0 1.20527 1 1 1 0.798017 0 0.602635
1.47454 0.765367 1.11352 1 1 1 0.737272 0.382683 0.556762
0.97272 0.765367 1.571 1 1 1 0.48636 0.382683 0.785498
1.59603 0 1.20527 1 1 1 0.798017 0 0.602635
1.92365 0 0.547326 1 1 1 0.961826 0 0.273663
1.47454 0.765367 1.11352 1 1 1 0.737272 0.382683 0.556762
1.92365 0 0.547326 1 1 1 0.961826 0 0.273663
1.77722 0.765367 0.505663 1 1 1 0.888611 0.382683 0.252832
1.47454 0.765367 1.11352 1 1 1 0.737272 0.382683 0.556762
1.92365 0 0.547326 1 1 1 0.961826 0 0.273663
1.99147 0 -0.184537 1 1 1 0.995734 0 -0.0922684
1.77722 0.765367 0.505663 1 1 1 0.888611 0.382683 0.252832
1.99147 0 -0.184537 1 1 1 0.995734 0 -0.0922684
1.83988 0.765367 -0.17049 1 1 1 0.919938 0.382683 -0.0852448
1.77722 0.765367 0.505663 1 1 1 0.888611 0.382683 0.252832
1.99147 0 -0.184537 1 1 1 0.995734 0 -0.0922684
1.79033 0 -0.891477 1 1 1 0.895163 0 -0.445738
1.83988 0.765367 -0.17049 1 1 1 0.919938 0.382683 -0.0852448
1.79033 0 -0.891477 1 1 1 0.895163 0 -0.445738
1.65405 0.765367 -0.823617 1 1 1 0.827023 0.382683 -0.411809
1.83988 0.765367 -0.17049 1 1 1 0.919938 0.382683 -0.0852448
1.79033 0 -0.891477 1 1 1 0.895163 0 -0.445738
1.34739 0 -1.47802 1 1 1 0.673696 0 -0.739009
1.65405 0.765367 -0.823617 1 1 1 0.827023 0.382683 -0.411809
1.34739 0 -1.47802 1 1 1 0.673696 0 -0.739009
1.24483 0.765367 -1.36551 1 1 1 0.622414 0.382683 -0.682755
1.65405 0.765367 -0.823617 1 1 1 0.827023 0.382683 -0.411809
1.34739 0 -1.47802 1 1 1 0.673696 0 -0.739009
0.722483 0 -1.86494 1 1 1 0.361242 0 -0.932472
1.24483 0.765367 -1.36551 1 1 1 0.622414 0.382683 -0.682755
0.722483 0 -1.86494 1 1 1 0.361242 0 -0.932472
0.667488 0.765367 -1.72298 1 1 1 0.333744 0.382683 -0.861492
1.24483 0.765367 -1.36551 1 1 1 0.622414 0.382683 -0.682755
0.722483 0 -1.86494 1 1 1 0.361242 0 -0.932472
4.89859e-16 0 -2 1 1 1 2.44929e-16 0 -1
0.667488 0.765367 -1.72298 1 1 1 0.333744 0.382683 -0.861492
4.89859e-16 0 -2 1 1 1 2.44929e-16 0 -1
4.5257e-16 0.765367 -1.84776 1 1 1 2.26285e-16 0.382683 -0.92388
0.667488 0.765367 -1.72298 1 1 1 0.333744 0.382683 -0.861492
0 0.765367 -1.84776 1 1 1 -0 0.382683 -0.92388
-0.667488 0.765367 -1.72298 1 1 1 -0.333744 0.382683 -0.861492
0 1.41421 -1.41421 1 1 1 -0 0.707107 -0.707107
-0.667488 0.765367 -1.72298 1 1 1 -0.333744 0.382683 -0.861492
-0.510873 1.41421 -1.31871 1 1 1 -0.255436 0.707107 -0.659357
0 1.41421 -1.41421 1 1 1 -0 0.707107 -0.707107
-0.667488 0.765367 -1.72298 1 1 1 -0.333744 0.382683 -0.861492
-1.24483 0.765367 -1.36551 1 1 1 -0.622414 0.382683 -0.682755
-0.510873 1.41421 -1.31871 1 1 1 -0.255436 0.707107 -0.659357
-1.24483 0.765367 -1.36551 1 1 1 -0.622414 0.382683 -0.682755
-0.95275 1.41421 -1.04512 1 1 1 -0.476375 0.707107 -0.522558
-0.510873 1.41421 -1.31871 1 1 1 -0.255436 0.707107 -0.659357
-1.24483 0.765367 -1.36551 1 1 1 -0.622414 0.382683 -0.682755
-1.65405 0.765367 -0.823617 1 1 1 -0.827023 0.382683 -0.411809
-0.95275 1.41421 -1.04512 1 1 1 -0.476375 0.707107 -0.522558
-1.65405 0.765367 -0.823617 1 1 1 -0.827023 0.382683 -0.411809
-1.26595 1.41421 -0.630369 1 1 1 -0.632976 0.707107 -0.315185
-0.95275 1.41421 -1.04512 1 1 1 -0.476375 0.707107 -0.522558
-1.65405 0.765367 -0.823617 1 1 1 -0.827023 0.382683 -0.411809
-1.83988 0.765367 -0.17049 1 1 1 -0.919938 0.382683 -0.0852448
-1.26595 1.41421 -0.630369 1 1 1 -0.632976 0.707107 -0.315185
-1.83988 0.765367 -0.17049 1 1 1 -0.919938 0.382683 -0.0852448
-1.40818 1.41421 -0.130487 1 1 1 -0.70409 0.707107 -0.0652436
-1.26595 1.41421 -0.630369 1 1 1 -0.632976 0.707107 -0.315185
-1.83988 0.765367 -0.17049 1 1 1 -0.919938 0.382683 -0.0852448
-1.77722 0.765367 0.505663 1 1 1 -0.888611 0.382683 0.252832
-1.40818 1.41421 -0.130487 1 1 1 -0.70409 0.707107 -0.0652436
-1.77722 0.765367 0.505663 1 1 1 -0.888611 0.382683 0.252832
-1.36023 1.41421 0.387018 1 1 1 -0.680113 0.707107 0.193509
-1.40818 1.41421 -0.130487 1 1 1 -0.70409 0.707107 -0.0652436
-1.77722 0.765367 0.505663 1 1 1 -0.888611 0.382683 0.252832
-1.47454 0.765367 1.11352 1 1 1 -0.737272 0.382683 0.556762
-1.36023 1.41421 0.387018 1 1 1 -0.680113 0.707107 0.193509
-1.47454 0.765367 1.11352 1 1 1 -0.737272 0.382683 0.556762
-1.12857 1.41421 0.852254 1 1 1 -0.564283 0.707107 0.426127
-1.36023 1.41421 0.387018 1 1 1 -0.680113 0.707107 0.193509
-1.47454 0.765367 1.11352 1 1 1 -0.737272 0.382683 0.556762
-0.97272 0.765367 1.571 1 1 1 -0.48636 0.382683 0.785498
-1.12857 1.41421 0.852254 1 1 1 -0.564283 0.707107 0.426127
-0.97272 0.765367 1.571 1 1 1 -0.48636 0.382683 0.785498
-0.744488 1.41421 1.20239 1 1 1 -0.372244 0.707107 0.601194
-1.12857 1.41421 0.852254 1 1 1 -0.564283 0.707107 0.426127
-0.97272 0.765367 1.571 1 1 1 -0.48636 0.382683 0.785498
-0.339525 0.765367 1.8163 1 1 1 -0.169762 0.382683 0.908149
-0.744488 1.41421 1.20239 1 1 1 -0.372244 0.707107 0.601194
-0.339525 0.765367 1.8163 1 1 1 -0.169762 0.382683 0.908149
-0.259861 1.41421 1.39013 1 1 1 -0.129931 0.707107 0.695067
-0.744488 1.41421 1.20239 1 1 1 -0.372244 0.707107 0.601194
-0.339525 0.765367 1.8163 1 1 1 -0.169762 0.382683 0.908149
0.339525 0.765367 1.8163 1 1 1 0.169762 0.382683 0.908149
-0.259861 1.41421 1.39013 1 1 1 -0.129931 0.707107 0.695067
0.339525 0.765367 1.8163 1 1 1 0.169762 0.382683 0.908149
0.259861 1.41421 1.39013 1 1 1 0.129931 0.707107 0.695067
-0.259861 1.41421 1.39013 1 1 1 -0.129931 0.707107 0.695067
0.339525 0.765367 1.8163 1 1 1 0.169762 0.382683 0.908149
0.97272 0.765367 1.571 1 1 1 0.48636 0.382683 0.785498
0.259861 1.41421 1.39013 1 1 1 0.129931 0.707107 0.695067
0.97272 0.765367 1.571 1 1 1 0.48636 0.382683 0.785498
0.744488 1.41421 1.20239 1 1 1 0.372244 0.707107 0.601194
0.259861 1.41421 1.39013 1 1 1 0.129931 0.707107 0.695067
0.97272 0.765367 1.571 1 1 1 0.48636 0.382683 0.785498
1.47454 0.765367 1.11352 1 1 1 0.737272 0.382683 0.556762
0.744488 1.41421 1.20239 1 1 1 0.372244 0.707107 0.601194
1.47454 0.765367 1.11352 1 1 1 0.737272 0.382683 0.556762
1.12857 1.41421 0.852254 1 1 1 0.564283 0.707107 0.426127
0.744488 1.41421 1.20239 1 1 1 0.372244 0.707107 0.601194
1.47454 0.765367 1.11352 1 1 1 0.737272 0.382683 0.556762
1.77722 0.765367 0.505663 1 1 1 0.888611 0.382683 0.252832
1.12857 1.41421 0.852254 1 1 1 0.564283 0.707107 0.426127
1.77722 0.765367 0.505663 1 1 1 0.888611 0.382683 0.252832
1.36023 1.41421 0.387018 1 1 1 0.680113 0.707107 0.193509
1.12857 1.41421 0.852254 1 1 1 0.564283 0.707107 0.426127
1.77722 0.765367 0.505663 1 1 1 0.888611 0.382683 0.252832
1.83988 0.765367 -0.17049 1 1 1 0.919938 0.382683 -0.0852448
1.36023 1.41421 0.387018 1 1 1 0.680113 0.707107 0.193509
1.83988 0.765367 -0.17049 1 1 1 0.919938 0.382683 -0.0852448
1.40818 1.41421 -0.130487 1 1 1 0.70409 0.707107 -0.0652436
1.36023 1.41421 0.387018 1 1 1 0.680113 0.707107 0.193509
1.83988 0.765367 -0.17049 1 1 1 0.919938 0.382683 -0.0852448
1.65405 0.765367 -0.823617 1 1 1 0.827023 0.382683 -0.411809
1.40818 1.41421 -0.130487 1 1 1 0.70409 0.707107 -0.0652436
1.65405 0.765367 -0.823617 1 1 1 0.827023 0.382683 -0.411809
1.26595 1.41421 -0.630369 1 1 1 0.632976 0.707107 -0.315185
1.40818 1.41421 -0.130487 1 1 1 0.70409 0.707107 -0.0652436
1.65405 0.765367 -0.823617 1 1 1 0.827023 0.382683 -0.411809
1.24483 0.765367 -1.36551 1 1 1 0.622414 0.382683 -0.682755
1.26595 1.41421 -0.630369 1 1 1 0.632976 0.707107 -0.315185
1.24483 0.765367 -1.36551 1 1 1 0.622414 0.382683 -0.682755
0.95275 1.41421 -1.04512 1 1 1 0.476375 0.707107 -0.522558
1.26595 1.41421 -0.630369 1 1 1 0.632976 0.707107 -0.315185
1.24483 0.765367 -1.36551 1 1 1 0.622414 0.382683 -0.682755
0.667488 0.765367 -1.72298 1 1 1 0.333744 0.382683 -0.861492
0.95275 1.41421 -1.04512 1 1 1 0.476375 0.707107 -0.522558
0.667488 0.765367 -1.72298 1 1 1 0.333744 0.382683 -0.861492
0.510873 1.41421 -1.31871 1 1 1 0.255436 0.707107 -0.659357
0.95275 1.41421 -1.04512 1 1 1 0.476375 0.707107 -0.522558
0.667488 0.765367 -1.72298 1 1 1 0.333744 0.382683 -0.861492
4.5257e-16 0.765367 -1.84776 1 1 1 2.26285e-16 0.382683 -0.92388
0.510873 1.41421 -1.31871 1 1 1 0.255436 0.707107 -0.659357
4.5257e-16 0.765367 -1.84776 1 1 1 2.26285e-16 0.382683 -0.92388
3.46382e-16 1.41421 -1.41421 1 1 1 1.73191e-16 0.707107 -0.707107
0.510873 1.41421 -1.31871 1 1 1 0.255436 0.707107 -0.659357
0 1.41421 -1.41421 1 1 1 -0 0.707107 -0.707107
-0.510873 1.41421 -1.31871 1 1 1 -0.255436 0.707107 -0.659357
0 1.84776 -0.765367 1 1 1 -0 0.92388 -0.382683
-0.510873 1.41421 -1.31871 1 1 1 -0.255436 0.707107 -0.659357
-0.276482 1.84776 -0.713683 1 1 1 -0.138241 0.92388 -0.356842
0 1.84776 -0.765367 1 1 1 -0 0.92388 -0.382683
-0.510873 1.41421 -1.31871 1 1 1 -0.255436 0.707107 -0.659357
-0.95275 1.41421 -1.04512 1 1 1 -0.476375 0.707107 -0.522558
-0.276482 1.84776 -0.713683 1 1 1 -0.138241 0.92388 -0.356842
-0.95275 1.41421 -1.04512 1 1 1 -0.476375 0.707107 -0.522558
-0.515624 1.84776 -0.565613 1 1 1 -0.257812 0.92388 -0.282806
-0.276482 1.84776 -0.713683 1 1 1 -0.138241 0.92388 -0.356842
-0.95275 1.41421 -1.04512 1 1 1 -0.476375 0.707107 -0.522558
-1.26595 1.41421 -0.630369 1 1 1 -0.632976 0.707107 -0.315185
-0.515624 1.84776 -0.565613 1 1 1 -0.257812 0.92388 -0.282806
-1.26595 1.41421 -0.630369 1 1 1 -0.632976 0.707107 -0.315185
-0.685128 1.84776 -0.341153 1 1 1 -0.342564 0.92388 -0.170577
-0.515624 1.84776 -0.565613 1 1 1 -0.257812 0.92388 -0.282806
-1.26595 1.41421 -0.630369 1 1 1 -0.632976 0.707107 -0.315185
-1.40818 1.41421 -0.130487 1 1 1 -0.70409 0.707107 -0.0652436
-0.685128 1.84776 -0.341153 1 1 1 -0.342564 0.92388 -0.170577
-1.40818 1.41421 -0.130487 1 1 1 -0.70409 0.707107 -0.0652436
-0.762102 1.84776 -0.0706191 1 1 1 -0.381051 0.92388 -0.0353096
-0.685128 1.84776 -0.341153 1 1 1 -0.342564 0.92388 -0.170577
-1.40818 1.41421 -0.130487 1 1 1 -0.70409 0.707107 -0.0652436
-1.36023 1.41421 0.387018 1 1 1 -0.680113 0.707107 0.193509
-0.762102 1.84776 -0.0706191 1 1 1 -0.381051 0.92388 -0.0353096
-1.36023 1.41421 0.387018 1 1 1 -0.680113 0.707107 0.193509
-0.736149 1.84776 0.209453 1 1 1 -0.368075 0.92388 0.104726
-0.762102 1.84776 -0.0706191 1 1 1 -0.381051 0.92388 -0.0353096
-1.36023 1.41421 0.387018 1 1 1 -0.680113 0.707107 0.193509
-1.12857 1.41421 0.852254 1 1 1 -0.564283 0.707107 0.426127
-0.736149 1.84776 0.209453 1 1 1 -0.368075 0.92388 0.104726
-1.12857 1.41421 0.852254 1 1 1 -0.564283 0.707107 0.426127
-0.610776 1.84776 0.461237 1 1 1 -0.305388 0.92388 0.230618
-0.736149 1.84776 0.209453 1 1 1 -0.368075 0.92388 0.104726
-1.12857 1.41421 0.852254 1 1 1 -0.564283 0.707107 0.426127
-0.744488 1.41421 1.20239 1 1 1 -0.372244 0.707107 0.601194
-0.610776 1.84776 0.461237 1 1 1 -0.305388 0.92388 0.230618
-0.744488 1.41421 1.20239 1 1 1 -0.372244 0.707107 0.601194
-0.402914 1.84776 0.650728 1 1 1 -0.201457 0.92388 0.325364
-0.610776 1.84776 0.461237 1 1 1 -0.305388 0.92388 0.230618
-0.744488 1.41421 1.20239 1 1 1 -0.372244 0.707107 0.601194
-0.259861 1.41421 1.39013 1 1 1 -0.129931 0.707107 0.695067
-0.402914 1.84776 0.650728 1 1 1 -0.201457 0.92388 0.325364
-0.259861 1.41421 1.39013 1 1 1 -0.129931 0.707107 0.695067
-0.140636 1.84776 0.752335 1 1 1 -0.0703179 0.92388 0.376168
-0.402914 1.84776 0.650728 1 1 1 -0.201457 0.92388 0.325364
-0.259861 1.41421 1.39013 1 1 1 -0.129931 0.707107 0.695067
0.259861 1.41421 1.39013 1 1 1 0.129931 0.707107 0.695067
-0.140636 1.84776 0.752335 1 1 1 -0.0703179 0.92388 0.376168
0.259861 1.41421 1.39013 1 1 1 0.129931 0.707107 0.695067
0.140636 1.84776 0.752335 1 1 1 0.0703179 0.92388 0.376168
-0.140636 1.84776 0.752335 1 1 1 -0.0703179 0.92388 0.376168
0.259861 1.41421 1.39013 1 1 1 0.129931 0.707107 0.695067
0.744488 1.41421 1.20239 1 1 1 0.372244 0.707107 0.601194
0.140636 1.84776 0.752335 1 1 1 0.0703179 0.92388 0.376168
0.744488 1.41421 1.20239 1 1 1 0.372244 0.707107 0.601194
0.402914 1.84776 0.650728 1 1 1 0.201457 0.92388 0.325364
0.140636 1.84776 0.752335 1 1 1 0.0703179 0.92388 0.376168
0.744488 1.41421 1.20239 1 1 1 0.372244 0.707107 0.601194
1.12857 1.41421 0.852254 1 1 1 0.564283 0.707107 0.426127
0.402914 1.84776 0.650728 1 1 1 0.201457 0.92388 0.325364
1.12857 1.41421 0.852254 1 1 1 0.564283 0.707107 0.426127
0.610776 1.84776 0.461237 1 1 1 0.305388 0.92388 0.230618
0.402914 1.84776 0.650728 1 1 1 0.201457 0.92388 0.325364
1.12857 1.41421 0.852254 1 1 1 0.564283 0.707107 0.426127
1.36023 1.41421 0.387018 1 1 1 0.680113 0.707107 0.193509
0.610776 1.84776 0.461237 1 1 1 0.305388 0.92388 0.230618
1.36023 1.41421 0.387018 1 1 1 0.680113 0.707107 0.193509
0.736149 1.84776 0.209453 1 1 1 0.368075 0.92388 0.104726
0.610776 1.84776 0.461237 1 1 1 0.305388 0.92388 0.230618
1.36023 1.41421 0.387018 1 1 1 0.680113 0.707107 0.193509
1.40818 1.41421 -0.130487 1 1 1 0.70409 0.707107 -0.0652436
0.736149 1.84776 0.209453 1 1 1 0.368075 0.92388 0.104726
1.40818 1.41421 -0.130487 1 1 1 0.70409 0.707107 -0.0652436
0.762102 1.84776 -0.0706191 1 1 1 0.381051 0.92388 -0.0353096
0.736149 1.84776 0.209453 1 1 1 0.368075 0.92388 0.104726
1.40818 1.41421 -0.130487 1 1 1 0.70409 0.707107 -0.0652436
1.26595 1.41421 -0.630369 1 1 1 0.632976 0.707107 -0.315185
0.762102 1.84776 -0.0706191 1 1 1 0.381051 0.92388 -0.0353096
1.26595 1.41421 -0.630369 1 1 1 0.632976 0.707107 -0.315185
0.685128 1.84776 -0.341153 1 1 1 0.342564 0.92388 -0.170577
0.762102 1.84776 -0.0706191 1 1 1 0.381051 0.92388 -0.0353096
1.26595 1.41421 -0.630369 1 1 1 0.632976 0.707107 -0.315185
0.95275 1.41421 -1.04512 1 1 1 0.476375 0.707107 -0.522558
0.685128 1.84776 -0.341153 1 1 1 0.342564 0.92388 -0.170577
0.95275 1.41421 -1.04512 1 1 1 0.476375 0.707107 -0.522558
0.515624 1.84776 -0.565613 1 1 1 0.257812 0.92388 -0.282806
0.685128 1.84776 -0.341153 1 1 1 0.342564 0.92388 -0.170577
0.95275 1.41421 -1.04512 1 1 1 0.476375 0.707107 -0.522558
0.510873 1.41421 -1.31871 1 1 1 0.255436 0.707107 -0.659357
0.515624 1.84776 -0.565613 1 1 1 0.257812 0.92388 -0.282806
0.510873 1.41421 -1.31871 1 1 1 0.255436 0.707107 -0.659357
0.276482 1.84776 -0.713683 1 1 1 0.138241 0.92388 -0.356842
0.515624 1.84776 -0.565613 1 1 1 0.257812 0.92388 -0.282806
0.510873 1.41421 -1.31871 1 1 1 0.255436 0.707107 -0.659357
3.46382e-16 1.41421 -1.41421 1 1 1 1.73191e-16 0.707107 -0.707107
0.276482 1.84776 -0.713683 1 1 1 0.138241 0.92388 -0.356842
3.46382e-16 1.41421 -1.41421 1 1 1 1.73191e-16 0.707107 -0.707107
1.87461e-16 1.84776 -0.765367 1 1 1 9.37304e-17 0.92388 -0.382683
0.276482 1.84776 -0.713683 1 1 1 0.138241 0.92388 -0.356842
0 1.84776 -0.765367 1 1 1 -0 0.92388 -0.382683
-0.276482 1.84776 -0.713683 1 1 1 -0.138241 0.92388 -0.356842
0 2 1.22465e-16 1 1 1 0 1 6.12323e-17
-0.276482 1.84776 -0.713683 1 1 1 -0.138241 0.92388 -0.356842
4.42393e-17 2 1.14195e-16 1 1 1 2.21197e-17 1 5.70975e-17
0 2 1.22465e-16 1 1 1 0 1 6.12323e-17
-0.276482 1.84776 -0.713683 1 1 1 -0.138241 0.92388 -0.356842
-0.515624 1.84776 -0.565613 1 1 1 -0.257812 0.92388 -0.282806
4.42393e-17 2 1.14195e-16 1 1 1 2.21197e-17 1 5.70975e-17
-0.515624 1.84776 -0.565613 1 1 1 -0.257812 0.92388 -0.282806
8.25039e-17 2 9.05025e-17 1 1 1 4.1252e-17 1 4.52512e-17
4.42393e-17 2 1.14195e-16 1 1 1 2.21197e-17 1 5.70975e-17
-0.515624 1.84776 -0.565613 1 1 1 -0.257812 0.92388 -0.282806
-0.685128 1.84776 -0.341153 1 1 1 -0.342564 0.92388 -0.170577
8.25039e-17 2 9.05025e-17 1 1 1 4.1252e-17 1 4.52512e-17
-0.685128 1.84776 -0.341153 1 1 1 -0.342564 0.92388 -0.170577
1.09626e-16 2 5.45872e-17 1 1 1 5.48129e-17 1 2.72936e-17
8.25039e-17 2 9.05025e-17 1 1 1 4.1252e-17 1 4.52512e-17
-0.685128 1.84776 -0.341153 1 1 1 -0.342564 0.92388 -0.170577
-0.762102 1.84776 -0.0706191 1 1 1 -0.381051 0.92388 -0.0353096
1.09626e-16 2 5.45872e-17 1 1 1 5.48129e-17 1 2.72936e-17
-0.762102 1.84776 -0.0706191 1 1 1 -0.381051 0.92388 -0.0353096
1.21942e-16 2 1.12996e-17 1 1 1 6.09711e-17 1 5.64981e-18
1.09626e-16 2 5.45872e-17 1 1 1 5.48129e-17 1 2.72936e-17
-0.762102 1.84776 -0.0706191 1 1 1 -0.381051 0.92388 -0.0353096
-0.736149 1.84776 0.209453 1 1 1 -0.368075 0.92388 0.104726
1.21942e-16 2 1.12996e-17 1 1 1 6.09711e-17 1 5.64981e-18
-0.736149 1.84776 0.209453 1 1 1 -0.368075 0.92388 0.104726
1.1779e-16 2 -3.35141e-17 1 1 1 5.88948e-17 1 -1.6757e-17
1.21942e-16 2 1.12996e-17 1 1 1 6.09711e-17 1 5.64981e-18
-0.736149 1.84776 0.209453 1 1 1 -0.368075 0.92388 0.104726
-0.610776 1.84776 0.461237 1 1 1 -0.305388 0.92388 0.230618
1.1779e-16 2 -3.35141e-17 1 1 1 5.88948e-17 1 -1.6757e-17
-0.610776 1.84776 0.461237 1 1 1 -0.305388 0.92388 0.230618
9.77289e-17 2 -7.38015e-17 1 1 1 4.88645e-17 1 -3.69007e-17
1.1779e-16 2 -3.35141e-17 1 1 1 5.88948e-17 1 -1.6757e-17
-0.610776 1.84776 0.461237 1 1 1 -0.305388 0.92388 0.230618
-0.402914 1.84776 0.650728 1 1 1 -0.201457 0.92388 0.325364
9.77289e-17 2 -7.38015e-17 1 1 1 4.88645e-17 1 -3.69007e-17
-0.402914 1.84776 0.650728 1 1 1 -0.201457 0.92388 0.325364
6.44693e-17 2 -1.04122e-16 1 1 1 3.22347e-17 1 -5.20608e-17
9.77289e-17 2 -7.38015e-17 1 1 1 4.88645e-17 1 -3.69007e-17
-0.402914 1.84776 0.650728 1 1 1 -0.201457 0.92388 0.325364
-0.140636 1.84776 0.752335 1 1 1 -0.0703179 0.92388 0.376168
6.44693e-17 2 -1.04122e-16 1 1 1 3.22347e-17 1 -5.20608e-17
-0.140636 1.84776 0.752335 1 1 1 -0.0703179 0.92388 0.376168
2.25028e-17 2 -1.20379e-16 1 1 1 1.12514e-17 1 -6.01897e-17
6.44693e-17 2 -1.04122e-16 1 1 1 3.22347e-17 1 -5.20608e-17
-0.140636 1.84776 0.752335 1 1 1 -0.0703179 0.92388 0.376168
0.140636 1.84776 0.752335 1 1 1 0.0703179 0.92388 0.376168
2.25028e-17 2 -1.20379e-16 1 1 1 1.12514e-17 1 -6.01897e-17
0.140636 1.84776 0.752335 1 1 1 0.0703179 0.92388 0.376168
-2.25028e-17 2 -1.20379e-16 1 1 1 -1.12514e-17 1 -6.01897e-17
2.25028e-17 2 -1.20379e-16 1 1 1 1.12514e-17 1 -6.01897e-17
0.140636 1.84776 0.752335 1 1 1 0.0703179 0.92388 0.376168
0.402914 1.84776 0.650728 1 1 1 0.201457 0.92388 0.325364
-2.25028e-17 2 -1.20379e-16 1 1 1 -1.12514e-17 1 -6.01897e-17
0.402914 1.84776 0.650728 1 1 1 0.201457 0.92388 0.325364
-6.44693e-17 2 -1.04122e-16 1 1 1 -3.22347e-17 1 -5.20608e-17
-2.25028e-17 2 -1.20379e-16 1 1 1 -1.12514e-17 1 -6.01897e-17
0.402914 1.84776 0.650728 1 1 1 0.201457 0.92388 0.325364
0.610776 1.84776 0.461237 1 1 1 0.305388 0.92388 0.230618
-6.44693e-17 2 -1.04122e-16 1 1 1 -3.22347e-17 1 -5.20608e-17
0.610776 1.84776 0.461237 1 1 1 0.305388 0.92388 0.230618
-9.77289e-17 2 -7.38015e-17 1 1 1 -4.88645e-17 1 -3.69007e-17
-6.44693e-17 2 -1.04122e-16 1 1 1 -3.22347e-17 1 -5.20608e-17
0.610776 1.84776 0.461237 1 1 1 0.305388 0.92388 0.230618
0.736149 1.84776 0.209453 1 1 1 0.368075 0.92388 0.104726
-9.77289e-17 2 -7.38015e-17 1 1 1 -4.88645e-17 1 -3.69007e-17
0.736149 1.84776 0.209453 1 1 1 0.368075 0.92388 0.104726
-1.1779e-16 2 -3.35141e-17 1 1 1 -5.88948e-17 1 -1.6757e-17
-9.77289e-17 2 -7.38015e-17 1 1 1 -4.88645e-17 1 -3.69007e-17
0.736149 1.84776 0.209453 1 1 1 0.368075 0.92388 0.104726
0.762102 1.84776 -0.0706191 1 1 1 0.381051 0.92388 -0.0353096
-1.1779e-16 2 -3.35141e-17 1 1 1 -5.88948e-17 1 -1.6757e-17
0.762102 1.84776 -0.0706191 1 1 1 0.381051 0.92388 -0.0353096
-1.21942e-16 2 1.12996e-17 1 1 1 -6.09711e-17 1 5.64981e-18
-1.1779e-16 2 -3.35141e-17 1 1 1 -5.88948e-17 1 -1.6757e-17
0.762102 1.84776 -0.0706191 1 1 1 0.381051 0.92388 -0.0353096
0.685128 1.84776 -0.341153 1 1 1 0.342564 0.92388 -0.170577
-1.21942e-16 2 1.12996e-17 1 1 1 -6.09711e-17 1 5.64981e-18
0.685128 1.84776 -0.341153 1 1 1 0.342564 0.92388 -0.170577
-1.09626e-16 2 5.45872e-17 1 1 1 -5.48129e-17 1 2.72936e-17
-1.21942e-16 2 1.12996e-17 1 1 1 -6.09711e-17 1 5.64981e-18
0.685128 1.84776 -0.341153 1 1 1 0.342564 0.92388 -0.170577
0.515624 1.84776 -0.565613 1 1 1 0.257812 0.92388 -0.282806
-1.09626e-16 2 5.45872e-17 1 1 1 -5.48129e-17 1 2.72936e-17
0.515624 1.84776 -0.565613 1 1 1 0.257812 0.92388 -0.282806
-8.25039e-17 2 9.05025e-17 1 1 1 -4.1252e-17 1 4.52512e-17
-1.09626e-16 2 5.45872e-17 1 1 1 -5.48129e-17 1 2.72936e-17
0.515624 1.84776 -0.565613 1 1 1 0.257812 0.92388 -0.282806
0.276482 1.84776 -0.713683 1 1 1 0.138241 0.92388 -0.356842
-8.25039e-17 2 9.05025e-17 1 1 1 -4.1252e-17 1 4.52512e-17
0.276482 1.84776 -0.713683 1 1 1 0.138241 0.92388 -0.356842
-4.42393e-17 2 1.14195e-16 1 1 1 -2.21197e-17 1 5.70975e-17
-8.25039e-17 2 9.05025e-17 1 1 1 -4.1252e-17 1 4.52512e-17
0.276482 1.84776 -0.713683 1 1 1 0.138241 0.92388 -0.356842
1.87461e-16 1.84776 -0.765367 1 1 1 9.37304e-17 0.92388 -0.382683
-4.42393e-17 2 1.14195e-16 1 1 1 -2.21197e-17 1 5.70975e-17
1.87461e-16 1.84776 -0.765367 1 1 1 9.37304e-17 0.92388 -0.382683
-2.99952e-32 2 1.22465e-16 1 1 1 -1.49976e-32 1 6.12323e-17
-4.42393e-17 2 1.14195e-16 1 1 1 -2.21197e-17 1 5.70975e-17
0 2 1.22465e-16 1 1 1 0 1 6.12323e-17
4.42393e-17 2 1.14195e-16 1 1 1 2.21197e-17 1 5.70975e-17
0 1.84776 0.765367 1 1 1 0 0.92388 0.382683
4.42393e-17 2 1.14195e-16 1 1 1 2.21197e-17 1 5.70975e-17
0.276482 1.84776 0.713683 1 1 1 0.138241 0.92388 0.356842
0 1.84776 0.765367 1 1 1 0 0.92388 0.382683
4.42393e-17 2 1.14195e-16 1 1 1 2.21197e-17 1 5.70975e-17
8.25039e-17 2 9.05025e-17 1 1 1 4.1252e-17 1 4.52512e-17
0.276482 1.84776 0.713683 1 1 1 0.138241 0.92388 0.356842
8.25039e-17 2 9.05025e-17 1 1 1 4.1252e-17 1 4.52512e-17
0.515624 1.84776 0.565613 1 1 1 0.257812 0.92388 0.282806
0.276482 1.84776 0.713683 1 1 1 0.138241 0.92388 0.356842
8.25039e-17 2 9.05025e-17 1 1 1 4.1252e-17 1 4.52512e-17
1.09626e-16 2 5.45872e-17 1 1 1 5.48129e-17 1 2.72936e-17
0.515624 1.84776 0.565613 1 1 1 0.257812 0.92388 0.282806
1.09626e-16 2 5.45872e-17 1 1 1 5.48129e-17 1 2.72936e-17
0.685128 1.84776 0.341153 1 1 1 0.342564 0.92388 0.170577
0.515624 1.84776 0.565613 1 1 1 0.257812 0.92388 0.282806
1.09626e-16 2 5.45872e-17 1 1 1 5.48129e-17 1 2.72936e-17
1.21942e-16 2 1.12996e-17 1 1 1 6.09711e-17 1 5.64981e-18
0.685128 1.84776 0.341153 1 1 1 0.342564 0.92388 0.170577
1.21942e-16 2 1.12996e-17 1 1 1 6.09711e-17 1 5.64981e-18
0.762102 1.84776 0.0706191 1 1 1 0.381051 0.92388 0.0353096
0.685128 1.84776 0.341153 1 1 1 0.342564 0.92388 0.170577
1.21942e-16 2 1.12996e-17 1 1 1 6.09711e-17 1 5.64981e-18
1.1779e-16 2 -3.35141e-17 1 1 1 5.88948e-17 1 -1.6757e-17
0.762102 1.84776 0.0706191 1 1 1 0.381051 0.92388 0.0353096
1.1779e-16 2 -3.35141e-17 1 1 1 5.88948e-17 1 -1.6757e-17
0.736149 1.84776 -0.209453 1 1 1 0.368075 0.92388 -0.104726
0.762102 1.84776 0.0706191 1 1 1 0.381051 0.92388 0.0353096
1.1779e-16 2 -3.35141e-17 1 1 1 5.88948e-17 1 -1.6757e-17
9.77289e-17 2 -7.38015e-17 1 1 1 4.88645e-17 1 -3.69007e-17
0.736149 1.84776 -0.209453 1 1 1 0.368075 0.92388 -0.104726
9.77289e-17 2 -7.38015e-17 1 1 1 4.88645e-17 1 -3.69007e-17
0.610776 1.84776 -0.461237 1 1 1 0.305388 0.92388 -0.230618
0.736149 1.84776 -0.209453 1 1 1 0.368075 0.92388 -0.104726
9.77289e-17 2 -7.38015e-17 1 1 1 4.88645e-17 1 -3.69007e-17
6.44693e-17 2 -1.04122e-16 1 1 1 3.22347e-17 1 -5.20608e-17
0.610776 1.84776 -0.461237 1 1 1 0.305388 0.92388 -0.230618
6.44693e-17 2 -1.04122e-16 1 1 1 3.22347e-17 1 -5.20608e-17
0.402914 1.84776 -0.650728 1 1 1 0.201457 0.92388 -0.325364
0.610776 1.84776 -0.461237 1 1 1 0.305388 0.92388 -0.230618
6.44693e-17 2 -1.04122e-16 1 1 1 3.22347e-17 1 -5.20608e-17
2.25028e-17 2 -1.20379e-16 1 1 1 1.12514e-17 1 -6.01897e-17
0.402914 1.84776 -0.650728 1 1 1 0.201457 0.92388 -0.325364
2.25028e-17 2 -1.20379e-16 1 1 1 1.12514e-17 1 -6.01897e-17
0.140636 1.84776 -0.752335 1 1 1 0.0703179 0.92388 -0.376168
0.402914 1.84776 -0.650728 1 1 1 0.201457 0.92388 -0.325364
2.25028e-17 2 -1.20379e-16 1 1 1 1.12514e-17 1 -6.01897e-17
-2.25028e-17 2 -1.20379e-16 1 1 1 -1.12514e-17 1 -6.01897e-17
0.140636 1.84776 -0.752335 1 1 1 0.0703179 0.92388 -0.376168
-2.25028e-17 2 -1.20379e-16 1 1 1 -1.12514e-17 1 -6.01897e-17
-0.140636 1.84776 -0.752335 1 1 1 -0.0703179 0.92388 -0.376168
0.140636 1.84776 -0.752335 1 1 1 0.0703179 0.92388 -0.376168
-2.25028e-17 2 -1.20379e-16 1 1 1 -1.12514e-17 1 -6.01897e-17
-6.44693e-17 2 -1.04122e-16 1 1 1 -3.22347e-17 1 -5.20608e-17
-0.140636 1.84776 -0.752335 1 1 1 -0.0703179 0.92388 -0.376168
-6.44693e-17 2 -1.04122e-16 1 1 1 -3.22347e-17 1 -5.20608e-17
-0.402914 1.84776 -0.650728 1 1 1 -0.201457 0.92388 -0.325364
-0.140636 1.84776 -0.752335 1 1 1 -0.0703179 0.92388 -0.376168
-6.44693e-17 2 -1.04122e-16 1 1 1 -3.22347e-17 1 -5.20608e-17
-9.77289e-17 2 -7.38015e-17 1 1 1 -4.88645e-17 1 -3.69007e-17
-0.402914 1.84776 -0.650728 1 1 1 -0.201457 0.92388 -0.325364
-9.77289e-17 2 -7.38015e-17 1 1 1 -4.88645e-17 1 -3.69007e-17
-0.610776 1.84776 -0.461237 1 1 1 -0.305388 0.92388 -0.230618
-0.402914 1.84776 -0.650728 1 1 1 -0.201457 0.92388 -0.325364
-9.77289e-17 2 -7.38015e-17 1 1 1 -4.88645e-17 1 -3.69007e-17
-1.1779e-16 2 -3.35141e-17 1 1 1 -5.88948e-17 1 -1.6757e-17
-0.610776 1.84776 -0.461237 1 1 1 -0.305388 0.92388 -0.230618
-1.1779e-16 2 -3.35141e-17 1 1 1 -5.88948e-17 1 -1.6757e-17
-0.736149 1.84776 -0.209453 1 1 1 -0.368075 0.92388 -0.104726
-0.610776 1.84776 -0.461237 1 1 1 -0.305388 0.92388 -0.230618
-1.1779e-16 2 -3.35141e-17 1 1 1 -5.88948e-17 1 -1.6757e-17
-1.21942e-16 2 1.12996e-17 1 1 1 -6.09711e-17 1 5.64981e-18
-0.736149 1.84776 -0.209453 1 1 1 -0.368075 0.92388 -0.104726
-1.21942e-16 2 1.12996e-17 1 1 1 -6.09711e-17 1 5.64981e-18
-0.762102 1.84776 0.0706191 1 1 1 -0.381051 0.92388 0.0353096
-0.736149 1.84776 -0.209453 1 1 1 -0.368075 0.92388 -0.104726
-1.21942e-16 2 1.12996e-17 1 1 1 -6.09711e-17 1 5.64981e-18
-1.09626e-16 2 5.45872e-17 1 1 1 -5.48129e-17 1 2.72936e-17
-0.762102 1.84776 0.0706191 1 1 1 -0.381051 0.92388 0.0353096
-1.09626e-16 2 5.45872e-17 1 1 1 -5.48129e-17 1 2.72936e-17
-0.685128 1.84776 0.341153 1 1 1 -0.342564 0.92388 0.170577
-0.762102 1.84776 0.0706191 1 1 1 -0.381051 0.92388 0.0353096
-1.09626e-16 2 5.45872e-17 1 1 1 -5.48129e-17 1 2.72936e-17
-8.25039e-17 2 9.05025e-17 1 1 1 -4.1252e-17 1 4.52512e-17
-0.685128 1.84776 0.341153 1 1 1 -0.342564 0.92388 0.170577
-8.25039e-17 2 9.05025e-17 1 1 1 -4.1252e-17 1 4.52512e-17
-0.515624 1.84776 0.565613 1 1 1 -0.257812 0.92388 0.282806
-0.685128 1.84776 0.341153 1 1 1 -0.342564 0.92388 0.170577
-8.25039e-17 2 9.05025e-17 1 1 1 -4.1252e-17 1 4.52512e-17
-4.42393e-17 2 1.14195e-16 1 1 1 -2.21197e-17 1 5.70975e-17
-0.515624 1.84776 0.565613 1 1 1 -0.257812 0.92388 0.282806
-4.42393e-17 2 1.14195e-16 1 1 1 -2.21197e-17 1 5.70975e-17
-0.276482 1.84776 0.713683 1 1 1 -0.138241 0.92388 0.356842
-0.515624 1.84776 0.565613 1 1 1 -0.257812 0.92388 0.282806
-4.42393e-17 2 1.14195e-16 1 1 1 -2.21197e-17 1 5.70975e-17
-2.99952e-32 2 1.22465e-16 1 1 1 -1.49976e-32 1 6.12323e-17
-0.276482 1.84776 0.713683 1 1 1 -0.138241 0.92388 0.356842
-2.99952e-32 2 1.22465e-16 1 1 1 -1.49976e-32 1 6.12323e-17
-1.87461e-16 1.84776 0.765367 1 1 1 -9.37304e-17 0.92388 0.382683
-0.276482 1.84776 0.713683 1 1 1 -0.138241 0.92388 0.356842
0 1.84776 0.765367 1 1 1 0 0.92388 0.382683
0.276482 1.84776 0.713683 1 1 1 0.138241 0.92388 0.356842
0 1.41421 1.41421 1 1 1 0 0.707107 0.707107
0.276482 1.84776 0.713683 1 1 1 0.138241 0.92388 0.356842
0.510873 1.41421 1.31871 1 1 1 0.255436 0.707107 0.659357
0 1.41421 1.41421 1 1 1 0 0.707107 0.707107
0.276482 1.84776 0.713683 1 1 1 0.138241 0.92388 0.356842
0.515624 1.84776 0.565613 1 1 1 0.257812 0.92388 0.282806
0.510873 1.41421 1.31871 1 1 1 0.255436 0.707107 0.659357
0.515624 1.84776 0.565613 1 1 1 0.257812 0.92388 0.282806
0.95275 1.41421 1.04512 1 1 1 0.476375 0.707107 0.522558
0.510873 1.41421 1.31871 1 1 1 0.255436 0.707107 0.659357
0.515624 1.84776 0.565613 1 1 1 0.257812 0.92388 0.282806
0.685128 1.84776 0.341153 1 1 1 0.342564 0.92388 0.170577
0.95275 1.41421 1.04512 1 1 1 0.476375 0.707107 0.522558
0.685128 1.84776 0.341153 1 1 1 0.342564 0.92388 0.170577
1.26595 1.41421 0.630369 1 1 1 0.632976 0.707107 0.315185
0.95275 1.41421 1.04512 1 1 1 0.476375 0.707107 0.522558
0.685128 1.84776 0.341153 1 1 1 0.342564 0.92388 0.170577
0.762102 1.84776 0.0706191 1 1 1 0.381051 0.92388 0.0353096
1.26595 1.41421 0.630369 1 1 1 0.632976 0.707107 0.315185
0.762102 1.84776 0.0706191 1 1 1 0.381051 0.92388 0.0353096
1.40818 1.41421 0.130487 1 1 1 0.70409 0.707107 0.0652436
1.26595 1.41421 0.630369 1 1 1 0.632976 0.707107 0.315185
0.762102 1.84776 0.0706191 1 1 1 0.381051 0.92388 0.0353096
0.736149 1.84776 -0.209453 1 1 1 0.368075 0.92388 -0.104726
1.40818 1.41421 0.130487 1 1 1 0.70409 0.707107 0.0652436
0.736149 1.84776 -0.209453 1 1 1 0.368075 0.92388 -0.104726
1.36023 1.41421 -0.387018 1 1 1 0.680113 0.707107 -0.193509
1.40818 1.41421 0.130487 1 1 1 0.70409 0.707107 0.0652436
0.736149 1.84776 -0.209453 1 1 1 0.368075 0.92388 -0.104726
0.610776 1.84776 -0.461237 1 1 1 0.305388 0.92388 -0.230618
1.36023 1.41421 -0.387018 1 1 1 0.680113 0.707107 -0.193509
0.610776 1.84776 -0.461237 1 1 1 0.305388 0.92388 -0.230618
1.12857 1.41421 -0.852254 1 1 1 0.564283 0.707107 -0.426127
1.36023 1.41421 -0.387018 1 1 1 0.680113 0.707107 -0.193509
0.610776 1.84776 -0.461237 1 1 1 0.305388 0.92388 -0.230618
0.402914 1.84776 -0.650728 1 1 1 0.201457 0.92388 -0.325364
1.12857 1.41421 -0.852254 1 1 1 0.564283 0.707107 -0.426127
0.402914 1.84776 -0.650728 1 1 1 0.201457 0.92388 -0.325364
0.744488 1.41421 -1.20239 1 1 1 0.372244 0.707107 -0.601194
1.12857 1.41421 -0.852254 1 1 1 0.564283 0.707107 -0.426127
0.402914 1.84776 -0.650728 1 1 1 0.201457 0.92388 -0.325364
0.140636 1.84776 -0.752335 1 1 1 0.0703179 0.92388 -0.376168
0.744488 1.41421 -1.20239 1 1 1 0.372244 0.707107 -0.601194
0.140636 1.84776 -0.752335 1 1 1 0.0703179 0.92388 -0.376168
0.259861 1.41421 -1.39013 1 1 1 0.129931 0.707107 -0.695067
0.744488 1.41421 -1.20239 1 1 1 0.372244 0.707107 -0.601194
0.140636 1.84776 -0.752335 1 1 1 0.0703179 0.92388 -0.376168
-0.140636 1.84776 -0.752335 1 1 1 -0.0703179 0.92388 -0.376168
0.259861 1.41421 -1.39013 1 1 1 0.129931 0.707107 -0.695067
-0.140636 1.84776 -0.752335 1 1 1 -0.0703179 0.92388 -0.376168
-0.259861 1.41421 -1.39013 1 1 1 -0.129931 0.707107 -0.695067
0.259861 1.41421 -1.39013 1 1 1 0.129931 0.707107 -0.695067
-0.140636 1.84776 -0.752335 1 1 1 -0.0703179 0.92388 -0.376168
-0.402914 1.84776 -0.650728 1 1 1 -0.201457 0.92388 -0.325364
-0.259861 1.41421 -1.39013 1 1 1 -0.129931 0.707107 -0.695067
-0.402914 1.84776 -0.650728 1 1 1 -0.201457 0.92388 -0.325364
-0.744488 1.41421 -1.20239 1 1 1 -0.372244 0.707107 -0.601194
-0.259861 1.41421 -1.39013 1 1 1 -0.129931 0.707107 -0.695067
-0.402914 1.84776 -0.650728 1 1 1 -0.201457 0.92388 -0.325364
-0.610776 1.84776 -0.461237 1 1 1 -0.305388 0.92388 -0.230618
-0.744488 1.41421 -1.20239 1 1 1 -0.372244 0.707107 -0.601194
-0.610776 1.84776 -0.461237 1 1 1 -0.305388 0.92388 -0.230618
-1.12857 1.41421 -0.852254 1 1 1 -0.564283 0.707107 -0.426127
-0.744488 1.41421 -1.20239 1 1 1 -0.372244 0.707107 -0.601194
-0.610776 1.84776 -0.461237 1 1 1 -0.305388 0.92388 -0.230618
-0.736149 1.84776 -0.209453 1 1 1 -0.368075 0.92388 -0.104726
-1.12857 1.41421 -0.852254 1 1 1 -0.564283 0.707107 -0.426127
-0.736149 1.84776 -0.209453 1 1 1 -0.368075 0.92388 -0.104726
-1.36023 1.41421 -0.387018 1 1 1 -0.680113 0.707107 -0.193509
-1.12857 1.41421 -0.852254 1 1 1 -0.564283 0.707107 -0.426127
-0.736149 1.84776 -0.209453 1 1 1 -0.368075 0.92388 -0.104726
-0.762102 1.84776 0.0706191 1 1 1 -0.381051 0.92388 0.0353096
-1.36023 1.41421 -0.387018 1 1 1 -0.680113 0.707107 -0.193509
-0.762102 1.84776 0.0706191 1 1 1 -0.381051 0.92388 0.0353096
-1.40818 1.41421 0.130487 1 1 1 -0.70409 0.707107 0.0652436
-1.36023 1.41421 -0.387018 1 1 1 -0.680113 0.707107 -0.193509
-0.762102 1.84776 0.0706191 1 1 1 -0.381051 0.92388 0.0353096
-0.685128 1.84776 0.341153 1 1 1 -0.342564 0.92388 0.170577
-1.40818 1.41421 0.130487 1 1 1 -0.70409 0.707107 0.0652436
-0.685128 1.84776 0.341153 1 1 1 -0.342564 0.92388 0.170577
-1.26595 1.41421 0.630369 1 1 1 -0.632976 0.707107 0.315185
-1.40818 1.41421 0.130487 1 1 1 -0.70409 0.707107 0.0652436
-0.685128 1.84776 0.341153 1 1 1 -0.342564 0.92388 0.170577
-0.515624 1.84776 0.565613 1 1 1 -0.257812 0.92388 0.282806
-1.26595 1.41421 0.630369 1 1 1 -0.632976 0.707107 0.315185
-0.515624 1.84776 0.565613 1 1 1 -0.257812 0.92388 0.282806
-0.95275 1.41421 1.04512 1 1 1 -0.476375 0.707107 0.522558
-1.26595 1.41421 0.630369 1 1 1 -0.632976 0.707107 0.315185
-0.515624 1.84776 0.565613 1 1 1 -0.257812 0.92388 0.282806
-0.276482 1.84776 0.713683 1 1 1 -0.138241 0.92388 0.356842
-0.95275 1.41421 1.04512 1 1 1 -0.476375 0.707107 0.522558
-0.276482 1.84776 0.713683 1 1 1 -0.138241 0.92388 0.356842
-0.510873 1.41421 1.31871 1 1 1 -0.255436 0.707107 0.659357
-0.95275 1.41421 1.04512 1 1 1 -0.476375 0.707107 0.522558
-0.276482 1.84776 0.713683 1 1 1 -0.138241 0.92388 0.356842
-1.87461e-16 1.84776 0.765367 1 1 1 -9.37304e-17 0.92388 0.382683
-0.510873 1.41421 1.31871 1 1 1 -0.255436 0.707107 0.659357
-1.87461e-16 1.84776 0.765367 1 1 1 -9.37304e-17 0.92388 0.382683
-3.46382e-16 1.41421 1.41421 1 1 1 -1.73191e-16 0.707107 0.707107
-0.510873 1.41421 1.31871 1 1 1 -0.255436 0.707107 0.659357
0 1.41421 1.41421 1 1 1 0 0.707107 0.707107
0.510873 1.41421 1.31871 1 1 1 0.255436 0.707107 0.659357
0 0.765367 1.84776 1 1 1 0 0.382683 0.92388
0.510873 1.41421 1.31871 1 1 1 0.255436 0.707107 0.659357
0.667488 0.765367 1.72298 1 1 1 0.333744 0.382683 0.861492
0 0.765367 1.84776 1 1 1 0 0.382683 0.92388
0.510873 1.41421 1.31871 1 1 1 0.255436 0.707107 0.659357
0.95275 1.41421 1.04512 1 1 1 0.476375 0.707107 0.522558
0.667488 0.765367 1.72298 1 1 1 0.333744 0.382683 0.861492
0.95275 1.41421 1.04512 1 1 1 0.476375 0.707107 0.522558
1.24483 0.765367 1.36551 1 1 1 0.622414 0.382683 0.682755
0.667488 0.765367 1.72298 1 1 1 0.333744 0.382683 0.861492
0.95275 1.41421 1.04512 1 1 1 0.476375 0.707107 0.522558
1.26595 1.41421 0.630369 1 1 1 0.632976 0.707107 0.315185
1.24483 0.765367 1.36551 1 1 1 0.622414 0.382683 0.682755
1.26595 1.41421 0.630369 1 1 1 0.632976 0.707107 0.315185
1.65405 0.765367 0.823617 1 1 1 0.827023 0.382683 0.411809
1.24483 0.765367 1.36551 1 1 1 0.622414 0.382683 0.682755
1.26595 1.41421 0.630369 1 1 1 0.632976 0.707107 0.315185
1.40818 1.41421 0.130487 1 1 1 0.70409 0.707107 0.0652436
1.65405 0.765367 0.823617 1 1 1 0.827023 0.382683 0.411809
1.40818 1.41421 0.130487 1 1 1 0.70409 0.707107 0.0652436
1.83988 0.765367 0.17049 1 1 1 0.919938 0.382683 0.0852448
1.65405 0.765367 0.823617 1 1 1 0.827023 0.382683 0.411809
1.40818 1.41421 0.130487 1 1 1 0.70409 0.707107 0.0652436
1.36023 1.41421 -0.387018 1 1 1 0.680113 0.707107 -0.193509
1.83988 0.765367 0.17049 1 1 1 0.919938 0.382683 0.0852448
1.36023 1.41421 -0.387018 1 1 1 0.680113 0.707107 -0.193509
1.77722 0.765367 -0.505663 1 1 1 0.888611 0.382683 -0.252832
1.83988 0.765367 0.17049 1 1 1 0.919938 0.382683 0.0852448
1.36023 1.41421 -0.387018 1 1 1 0.680113 0.707107 -0.193509
1.12857 1.41421 -0.852254 1 1 1 0.564283 0.707107 -0.426127
1.77722 0.765367 -0.505663 1 1 1 0.888611 0.382683 -0.252832
1.12857 1.41421 -0.852254 1 1 1 0.564283 0.707107 -0.426127
1.47454 0.765367 -1.11352 1 1 1 0.737272 0.382683 -0.556762
1.77722 0.765367 -0.505663 1 1 1 0.888611 0.382683 -0.252832
1.12857 1.41421 -0.852254 1 1 1 0.564283 0.707107 -0.426127
0.744488 1.41421 -1.20239 1 1 1 0.372244 0.707107 -0.601194
1.47454 0.765367 -1.11352 1 1 1 0.737272 0.382683 -0.556762
0.744488 1.41421 -1.20239 1 1 1 0.372244 0.707107 -0.601194
0.97272 0.765367 -1.571 1 1 1 0.48636 0.382683 -0.785498
1.47454 0.765367 -1.11352 1 1 1 0.737272 0.382683 -0.556762
0.744488 1.41421 -1.20239 1 1 1 0.372244 0.707107 -0.601194
0.259861 1.41421 -1.39013 1 1 1 0.129931 0.707107 -0.695067
0.97272 0.765367 -1.571 1 1 1 0.48636 0.382683 -0.785498
0.259861 1.41421 -1.39013 1 1 1 0.129931 0.707107 -0.695067
0.339525 0.765367 -1.8163 1 1 1 0.169762 0.382683 -0.908149
0.97272 0.765367 -1.571 1 1 1 0.48636 0.382683 -0.785498
0.259861 1.41421 -1.39013 1 1 1 0.129931 0.707107 -0.695067
-0.259861 1.41421 -1.39013 1 1 1 -0.129931 0.707107 -0.695067
0.339525 0.765367 -1.8163 1 1 1 0.169762 0.382683 -0.908149
-0.259861 1.41421 -1.39013 1 1 1 -0.129931 0.707107 -0.695067
-0.339525 0.765367 -1.8163 1 1 1 -0.169762 0.382683 -0.908149
0.339525 0.765367 -1.8163 1 1 1 0.169762 0.382683 -0.908149
-0.259861 1.41421 -1.39013 1 1 1 -0.129931 0.707107 -0.695067
-0.744488 1.41421 -1.20239 1 1 1 -0.372244 0.707107 -0.601194
-0.339525 0.765367 -1.8163 1 1 1 -0.169762 0.382683 -0.908149
-0.744488 1.41421 -1.20239 1 1 1 -0.372244 0.707107 -0.601194
-0.97272 0.765367 -1.571 1 1 1 -0.48636 0.382683 -0.785498
-0.339525 0.765367 -1.8163 1 1 1 -0.169762 0.382683 -0.908149
-0.744488 1.41421 -1.20239 1 1 1 -0.372244 0.707107 -0.601194
-1.12857 1.41421 -0.852254 1 1 1 -0.564283 0.707107 -0.426127
-0.97272 0.765367 -1.571 1 1 1 -0.48636 0.382683 -0.785498
-1.12857 1.41421 -0.852254 1 1 1 -0.564283 0.707107 -0.426127
-1.47454 0.765367 -1.11352 1 1 1 -0.737272 0.382683 -0.556762
-0.97272 0.765367 -1.571 1 1 1 -0.48636 0.382683 -0.785498
-1.12857 1.41421 -0.852254 1 1 1 -0.564283 0.707107 -0.426127
-1.36023 1.41421 -0.387018 1 1 1 -0.680113 0.707107 -0.193509
-1.47454 0.765367 -1.11352 1 1 1 -0.737272 0.382683 -0.556762
-1.36023 1.41421 -0.387018 1 1 1 -0.680113 0.707107 -0.193509
-1.77722 0.765367 -0.505663 1 1 1 -0.888611 0.382683 -0.252832
-1.47454 0.765367 -1.11352 1 1 1 -0.737272 0.382683 -0.556762
-1.36023 1.41421 -0.387018 1 1 1 -0.680113 0.707107 -0.193509
-1.40818 1.41421 0.130487 1 1 1 -0.70409 0.707107 0.0652436
-1.77722 0.765367 -0.505663 1 1 1 -0.888611 0.382683 -0.252832
-1.40818 1.41421 0.130487 1 1 1 -0.70409 0.707107 0.0652436
-1.83988 0.765367 0.17049 1 1 1 -0.919938 0.382683 0.0852448
-1.77722 0.765367 -0.505663 1 1 1 -0.888611 0.382683 -0.252832
-1.40818 1.41421 0.130487 1 1 1 -0.70409 0.707107 0.0652436
-1.26595 1.41421 0.630369 1 1 1 -0.632976 0.707107 0.315185
-1.83988 0.765367 0.17049 1 1 1 -0.919938 0.382683 0.0852448
-1.26595 1.41421 0.630369 1 1 1 -0.632976 0.707107 0.315185
-1.65405 0.765367 0.823617 1 1 1 -0.827023 0.382683 0.411809
-1.83988 0.765367 0.17049 1 1 1 -0.919938 0.382683 0.0852448
-1.26595 1.41421 0.630369 1 1 1 -0.632976 0.707107 0.315185
-0.95275 1.41421 1.04512 1 1 1 -0.476375 0.707107 0.522558
-1.65405 0.765367 0.823617 1 1 1 -0.827023 0.382683 0.411809
-0.95275 1.41421 1.04512 1 1 1 -0.476375 0.707107 0.522558
-1.24483 0.765367 1.36551 1 1 1 -0.622414 0.382683 0.682755
-1.65405 0.765367 0.823617 1 1 1 -0.827023 0.382683 0.411809
-0.95275 1.41421 1.04512 1 1 1 -0.476375 0.707107 0.522558
-0.510873 1.41421 1.31871 1 1 1 -0.255436 0.707107 0.659357
-1.24483 0.765367 1.36551 1 1 1 -0.622414 0.382683 0.682755
-0.510873 1.41421 1.31871 1 1 1 -0.255436 0.707107 0.659357
-0.667488 0.765367 1.72298 1 1 1 -0.333744 0.382683 0.861492
-1.24483 0.765367 1.36551 1 1 1 -0.622414 0.382683 0.682755
-0.510873 1.41421 1.31871 1 1 1 -0.255436 0.707107 0.659357
-3.46382e-16 1.41421 1.41421 1 1 1 -1.73191e-16 0.707107 0.707107
-0.667488 0.765367 1.72298 1 1 1 -0.333744 0.382683 0.861492
-3.46382e-16 1.41421 1.41421 1 1 1 -1.73191e-16 0.707107 0.707107
-4.5257e-16 0.765367 1.84776 1 1 1 -2.26285e-16 0.382683 0.92388
-0.667488 0.765367 1.72298 1 1 1 -0.333744 0.382683 0.861492
0 0.765367 1.84776 1 1 1 0 0.382683 0.92388
0.667488 0.765367 1.72298 1 1 1 0.333744 0.382683 0.861492
0 2.44929e-16 2 1 1 1 0 1.22465e-16 1
0.667488 0.765367 1.72298 1 1 1 0.333744 0.382683 0.861492
0.722483 2.44929e-16 1.86494 1 1 1 0.361242 1.22465e-16 0.932472
0 2.44929e-16 2 1 1 1 0 1.22465e-16 1
0.667488 0.765367 1.72298 1 1 1 0.333744 0.382683 0.861492
1.24483 0.765367 1.36551 1 1 1 0.622414 0.382683 0.682755
0.722483 2.44929e-16 1.86494 1 1 1 0.361242 1.22465e-16 0.932472
1.24483 0.765367 1.36551 1 1 1 0.622414 0.382683 0.682755
1.34739 2.44929e-16 1.47802 1 1 1 0.673696 1.22465e-16 0.739009
0.722483 2.44929e-16 1.86494 1 1 1 0.361242 1.22465e-16 0.932472
1.24483 0.765367 1.36551 1 1 1 0.622414 0.382683 0.682755
1.65405 0.765367 0.823617 1 1 1 0.827023 0.382683 0.411809
1.34739 2.44929e-16 1.47802 1 1 1 0.673696 1.22465e-16 0.739009
1.65405 0.765367 0.823617 1 1 1 0.827023 0.382683 0.411809
1.79033 2.44929e-16 0.891477 1 1 1 0.895163 1.22465e-16 0.445738
1.34739 2.44929e-16 1.47802 1 1 1 0.673696 1.22465e-16 0.739009
1.65405 0.765367 0.823617 1 1 1 0.827023 0.382683 0.411809
1.83988 0.765367 0.17049 1 1 1 0.919938 0.382683 0.0852448
1.79033 2.44929e-16 0.891477 1 1 1 0.895163 1.22465e-16 0.445738
1.83988 0.765367 0.17049 1 1 1 0.919938 0.382683 0.0852448
1.99147 2.44929e-16 0.184537 1 1 1 0.995734 1.22465e-16 0.0922684
1.79033 2.44929e-16 0.891477 1 1 1 0.895163 1.22465e-16 0.445738
1.83988 0.765367 0.17049 1 1 1 0.919938 0.382683 0.0852448
1.77722 0.765367 -0.505663 1 1 1 0.888611 0.382683 -0.252832
1.99147 2.44929e-16 0.184537 1 1 1 0.995734 1.22465e-16 0.0922684
1.77722 0.765367 -0.505663 1 1 1 0.888611 0.382683 -0.252832
1.92365 2.44929e-16 -0.547326 1 1 1 0.961826 1.22465e-16 -0.273663
1.99147 2.44929e-16 0.184537 1 1 1 0.995734 1.22465e-16 0.0922684
1.77722 0.765367 -0.505663 1 1 1 0.888611 0.382683 -0.252832
1.47454 0.765367 -1.11352 1 1 1 0.737272 0.382683 -0.556762
1.92365 2.44929e-16 -0.547326 1 1 1 0.961826 1.22465e-16 -0.273663
1.47454 0.765367 -1.11352 1 1 1 0.737272 0.382683 -0.556762
1.59603 2.44929e-16 -1.20527 1 1 1 0.798017 1.22465e-16 -0.602635
1.92365 2.44929e-16 -0.547326 1 1 1 0.961826 1.22465e-16 -0.273663
1.47454 0.765367 -1.11352 1 1 1 0.737272 0.382683 -0.556762
0.97272 0.765367 -1.571 1 1 1 0.48636 0.382683 -0.785498
1.59603 2.44929e-16 -1.20527 1 1 1 0.798017 1.22465e-16 -0.602635
0.97272 0.765367 -1.571 1 1 1 0.48636 0.382683 -0.785498
1.05286 2.44929e-16 -1.70043 1 1 1 0.526432 1.22465e-16 -0.850217
1.59603 2.44929e-16 -1.20527 1 1 1 0.798017 1.22465e-16 -0.602635
0.97272 0.765367 -1.571 1 1 1 0.48636 0.382683 -0.785498
0.339525 0.765367 -1.8163 1 1 1 0.169762 0.382683 -0.908149
1.05286 2.44929e-16 -1.70043 1 1 1 0.526432 1.22465e-16 -0.850217
0.339525 0.765367 -1.8163 1 1 1 0.169762 0.382683 -0.908149
0.367499 2.44929e-16 -1.96595 1 1 1 0.18375 1.22465e-16 -0.982973
1.05286 2.44929e-16 -1.70043 1 1 1 0.526432 1.22465e-16 -0.850217
0.339525 0.765367 -1.8163 1 1 1 0.169762 0.382683 -0.908149
-0.339525 0.765367 -1.8163 1 1 1 -0.169762 0.382683 -0.908149
0.367499 2.44929e-16 -1.96595 1 1 1 0.18375 1.22465e-16 -0.982973
-0.339525 0.765367 -1.8163 1 1 1 -0.169762 0.382683 -0.908149
-0.367499 2.44929e-16 -1.96595 1 1 1 -0.18375 1.22465e-16 -0.982973
0.367499 2.44929e-16 -1.96595 1 1 1 0.18375 1.22465e-16 -0.982973
-0.339525 0.765367 -1.8163 1 1 1 -0.169762 0.382683 -0.908149
-0.97272 0.765367 -1.571 1 1 1 -0.48636 0.382683 -0.785498
-0.367499 2.44929e-16 -1.96595 1 1 1 -0.18375 1.22465e-16 -0.982973
-0.97272 0.765367 -1.571 1 1 1 -0.48636 0.382683 -0.785498
-1.05286 2.44929e-16 -1.70043 1 1 1 -0.526432 1.22465e-16 -0.850217
-0.367499 2.44929e-16 -1.96595 1 1 1 -0.18375 1.22465e-16 -0.982973
-0.97272 0.765367 -1.571 1 1 1 -0.48636 0.382683 -0.785498
-1.47454 0.765367 -1.11352 1 1 1 -0.737272 0.382683 -0.556762
-1.05286 2.44929e-16 -1.70043 1 1 1 -0.526432 1.22465e-16 -0.850217
-1.47454 0.765367 -1.11352 1 1 1 -0.737272 0.382683 -0.556762
-1.59603 2.44929e-16 -1.20527 1 1 1 -0.798017 1.22465e-16 -0.602635
-1.05286 2.44929e-16 -1.70043 1 1 1 -0.526432 1.22465e-16 -0.850217
-1.47454 0.765367 -1.11352 1 1 1 -0.737272 0.382683 -0.556762
-1.77722 0.765367 -0.505663 1 1 1 -0.888611 0.382683 -0.252832
-1.59603 2.44929e-16 -1.20527 1 1 1 -0.798017 1.22465e-16 -0.602635
-1.77722 0.765367 -0.505663 1 1 1 -0.888611 0.382683 -0.252832
-1.92365 2.44929e-16 -0.547326 1 1 1 -0.961826 1.22465e-16 -0.273663
-1.59603 2.44929e-16 -1.20527 1 1 1 -0.798017 1.22465e-16 -0.602635
-1.77722 0.765367 -0.505663 1 1 1 -0.888611 0.382683 -0.252832
-1.83988 0.765367 0.17049 1 1 1 -0.919938 0.382683 0.0852448
-1.92365 2.44929e-16 -0.547326 1 1 1 -0.961826 1.22465e-16 -0.273663
-1.83988 0.765367 0.17049 1 1 1 -0.919938 0.382683 0.0852448
-1.99147 2.44929e-16 0.184537 1 1 1 -0.995734 1.22465e-16 0.0922684
-1.92365 2.44929e-16 -0.547326 1 1 1 -0.961826 1.22465e-16 -0.273663
-1.83988 0.765367 0.17049 1 1 1 -0.919938 0.382683 0.0852448
-1.65405 0.765367 0.823617 1 1 1 -0.827023 0.382683 0.411809
-1.99147 2.44929e-16 0.184537 1 1 1 -0.995734 1.22465e-16 0.0922684
-1.65405 0.765367 0.823617 1 1 1 -0.827023 0.382683 0.411809
-1.79033 2.44929e-16 0.891477 1 1 1 -0.895163 1.22465e-16 0.445738
-1.99147 2.44929e-16 0.184537 1 1 1 -0.995734 1.22465e-16 0.0922684
-1.65405 0.765367 0.823617 1 1 1 -0.827023 0.382683 0.411809
-1.24483 0.765367 1.36551 1 1 1 -0.622414 0.382683 0.682755
-1.79033 2.44929e-16 0.891477 1 1 1 -0.895163 1.22465e-16 0.445738
-1.24483 0.765367 1.36551 1 1 1 -0.622414 0.382683 0.682755
-1.34739 2.44929e-16 1.47802 1 1 1 -0.673696 1.22465e-16 0.739009
-1.79033 2.44929e-16 0.891477 1 1 1 -0.895163 1.22465e-16 0.445738
-1.24483 0.765367 1.36551 1 1 1 -0.622414 0.382683 0.682755
-0.667488 0.765367 1.72298 1 1 1 -0.333744 0.382683 0.861492
-1.34739 2.44929e-16 1.47802 1 1 1 -0.673696 1.22465e-16 0.739009
-0.667488 0.765367 1.72298 1 1 1 -0.333744 0.382683 0.861492
-0.722483 2.44929e-16 1.86494 1 1 1 -0.361242 1.22465e-16 0.932472
-1.34739 2.44929e-16 1.47802 1 1 1 -0.673696 1.22465e-16 0.739009
-0.667488 0.765367 1.72298 1 1 1 -0.333744 0.382683 0.861492
-4.5257e-16 0.765367 1.84776 1 1 1 -2.26285e-16 0.382683 0.92388
-0.722483 2.44929e-16 1.86494 1 1 1 -0.361242 1.22465e-16 0.932472
-4.5257e-16 0.765367 1.84776 1 1 1 -2.26285e-16 0.382683 0.92388
-4.89859e-16 2.44929e-16 2 1 1 1 -2.44929e-16 1.22465e-16 1
-0.722483 2.44929e-16 1.86494 1 1 1 -0.361242 1.22465e-16 0.932472
0 0 -2 1 1 1 -0 -0 -1
-0.722483 0 -1.86494 1 1 1 -0.361242 -0 -0.932472
0 -0.765367 -1.84776 1 1 1 -0 -0.382683 -0.92388
-0.722483 0 -1.86494 1 1 1 -0.361242 -0 -0.932472
-0.667488 -0.765367 -1.72298 1 1 1 -0.333744 -0.382683 -0.861492
0 -0.765367 -1.84776 1 1 1 -0 -0.382683 -0.92388
-0.722483 0 -1.86494 1 1 1 -0.361242 -0 -0.932472
-1.34739 0 -1.47802 1 1 1 -0.673696 -0 -0.739009
-0.667488 -0.765367 -1.72298 1 1 1 -0.333744 -0.382683 -0.861492
-1.34739 0 -1.47802 1 1 1 -0.673696 -0 -0.739009
-1.24483 -0.765367 -1.36551 1 1 1 -0.622414 -0.382683 -0.682755
-0.667488 -0.765367 -1.72298 1 1 1 -0.333744 -0.382683 -0.861492
-1.34739 0 -1.47802 1 1 1 -0.673696 -0 -0.739009
-1.79033 0 -0.891477 1 1 1 -0.895163 -0 -0.445738
-1.24483 -0.765367 -1.36551 1 1 1 -0.622414 -0.382683 -0.682755
-1.79033 0 -0.891477 1 1 1 -0.895163 -0 -0.445738
-1.65405 -0.765367 -0.823617 1 1 1 -0.827023 -0.382683 -0.411809
-1.24483 -0.765367 -1.36551 1 1 1 -0.622414 -0.382683 -0.682755
-1.79033 0 -0.891477 1 1 1 -0.895163 -0 -0.445738
-1.99147 0 -0.184537 1 1 1 -0.995734 -0 -0.0922684
-1.65405 -0.765367 -0.823617 1 1 1 -0.827023 -0.382683 -0.411809
-1.99147 0 -0.184537 1 1 1 -0.995734 -0 -0.0922684
-1.83988 -0.765367 -0.17049 1 1 1 -0.919938 -0.382683 -0.0852448
-1.65405 -0.765367 -0.823617 1 1 1 -0.827023 -0.382683 -0.411809
-1.99147 0 -0.184537 1 1 1 -0.995734 -0 -0.0922684
-1.92365 0 0.547326 1 1 1 -0.961826 -0 0.273663
-1.83988 -0.765367 -0.17049 1 1 1 -0.919938 -0.382683 -0.0852448
-1.92365 0 0.547326 1 1 1 -0.961826 -0 0.273663
-1.77722 -0.765367 0.505663 1 1 1 -0.888611 -0.382683 0.252832
-1.83988 -0.765367 -0.17049 1 1 1 -0.919938 -0.382683 -0.0852448
-1.92365 0 0.547326 1 1 1 -0.961826 -0 0.273663
-1.59603 0 1.20527 1 1 1 -0.798017 -0 0.602635
-1.77722 -0.765367 0.505663 1 1 1 -0.888611 -0.382683 0.252832
-1.59603 0 1.20527 1 1 1 -0.798017 -0 0.602635
-1.47454 -0.765367 1.11352 1 1 1 -0.737272 -0.382683 0.556762
-1.77722 -0.765367 0.505663 1 1 1 -0.888611 -0.382683 0.252832
-1.59603 0 1.20527 1 1 1 -0.798017 -0 0.602635
-1.05286 0 1.70043 1 1 1 -0.526432 -0 0.850217
-1.47454 -0.765367 1.11352 1 1 1 -0.737272 -0.382683 0.556762
-1.05286 0 1.70043 1 1 1 -0.526432 -0 0.850217
-0.97272 -0.765367 1.571 1 1 1 -0.48636 -0.382683 0.785498
-1.47454 -0.765367 1.11352 1 1 1 -0.737272 -0.382683 0.556762
-1.05286 0 1.70043 1 1 1 -0.526432 -0 0.850217
-0.367499 0 1.96595 1 1 1 -0.18375 -0 0.982973
-0.97272 -0.765367 1.571 1 1 1 -0.48636 -0.382683 0.785498
-0.367499 0 1.96595 1 1 1 -0.18375 -0 0.982973
-0.339525 -0.765367 1.8163 1 1 1 -0.169762 -0.382683 0.908149
-0.97272 -0.765367 1.571 1 1 1 -0.48636 -0.382683 0.785498
-0.367499 0 1.96595 1 1 1 -0.18375 -0 0.982973
0.367499 0 1.96595 1 1 1 0.18375 -0 0.982973
-0.339525 -0.765367 1.8163 1 1 1 -0.169762 -0.382683 0.908149
0.367499 0 1.96595 1 1 1 0.18375 -0 0.982973
0.339525 -0.765367 1.8163 1 1 1 0.169762 -0.382683 0.908149
-0.339525 -0.765367 1.8163 1 1 1 -0.169762 -0.382683 0.908149
0.367499 0 1.96595 1 1 1 0.18375 -0 0.982973
1.05286 0 1.70043 1 1 1 0.526432 -0 0.850217
0.339525 -0.765367 1.8163 1 1 1 0.169762 -0.382683 0.908149
1.05286 0 1.70043 1 1 1 0.526432 -0 0.850217
0.97272 -0.765367 1.571 1 1 1 0.48636 -0.382683 0.785498
0.339525 -0.765367 1.8163 1 1 1 0.169762 -0.382683 0.908149
1.05286 0 1.70043 1 1 1 0.526432 -0 0.850217
1.59603 0 1.20527 1 1 1 0.798017 -0 0.602635
0.97272 -0.765367 1.571 1 1 1 0.48636 -0.382683 0.785498
1.59603 0 1.20527 1 1 1 0.798017 -0 0.602635
1.47454 -0.765367 1.11352 1 1 1 0.737272 -0.382683 0.556762
0.97272 -0.765367 1.571 1 1 1 0.48636 -0.382683 0.785498
1.59603 0 1.20527 1 1 1 0.798017 -0 0.602635
1.92365 0 0.547326 1 1 1 0.961826 -0 0.273663
1.47454 -0.765367 1.11352 1 1 1 0.737272 -0.382683 0.556762
1.92365 0 0.547326 1 1 1 0.961826 -0 0.273663
1.77722 -0.765367 0.505663 1 1 1 0.888611 -0.382683 0.252832
1.47454 -0.765367 1.11352 1 1 1 0.737272 -0.382683 0.556762
1.92365 0 0.547326 1 1 1 0.961826 -0 0.273663
1.99147 0 -0.184537 1 1 1 0.995734 -0 -0.0922684
1.77722 -0.765367 0.505663 1 1 1 0.888611 -0.382683 0.252832
1.99147 0 -0.184537 1 1 1 0.995734 -0 -0.0922684
1.83988 -0.765367 -0.17049 1 1 1 0.919938 -0.382683 -0.0852448
1.77722 -0.765367 0.505663 1 1 1 0.888611 -0.382683 0.252832
1.99147 0 -0.184537 1 1 1 0.995734 -0 -0.0922684
1.79033 0 -0.891477 1 1 1 0.895163 -0 -0.445738
1.83988 -0.765367 -0.17049 1 1 1 0.919938 -0.382683 -0.0852448
1.79033 0 -0.891477 1 1 1 0.895163 -0 -0.445738
1.65405 -0.765367 -0.823617 1 1 1 0.827023 -0.382683 -0.411809
1.83988 -0.765367 -0.17049 1 1 1 0.919938 -0.382683 -0.0852448
1.79033 0 -0.891477 1 1 1 0.895163 -0 -0.445738
1.34739 0 -1.47802 1 1 1 0.673696 -0 -0.739009
1.65405 -0.765367 -0.823617 1 1 1 0.827023 -0.382683 -0.411809
1.34739 0 -1.47802 1 1 1 0.673696 -0 -0.739009
1.24483 -0.765367 -1.36551 1 1 1 0.622414 -0.382683 -0.682755
1.65405 -0.765367 -0.823617 1 1 1 0.827023 -0.382683 -0.411809
1.34739 0 -1.47802 1 1 1 0.673696 -0 -0.739009
0.722483 0 -1.86494 1 1 1 0.361242 -0 -0.932472
1.24483 -0.765367 -1.36551 1 1 1 0.622414 -0.382683 -0.682755
0.722483 0 -1.86494 1 1 1 0.361242 -0 -0.932472
0.667488 -0.765367 -1.72298 1 1 1 0.333744 -0.382683 -0.861492
1.24483 -0.765367 -1.36551 1 1 1 0.622414 -0.382683 -0.682755
0.722483 0 -1.86494 1 1 1 0.361242 -0 -0.932472
4.89859e-16 0 -2 1 1 1 2.44929e-16 -0 -1
0.667488 -0.765367 -1.72298 1 1 1 0.333744 -0.382683 -0.861492
4.89859e-16 0 -2 1 1 1 2.44929e-16 -0 -1
4.5257e-16 -0.765367 -1.84776 1 1 1 2.26285e-16 -0.382683 -0.92388
0.667488 -0.765367 -1.72298 1 1 1 0.333744 -0.382683 -0.861492
0 -0.765367 -1.84776 1 1 1 -0 -0.382683 -0.92388
-0.667488 -0.765367 -1.72298 1 1 1 -0.333744 -0.382683 -0.861492
0 -1.41421 -1.41421 1 1 1 -0 -0.707107 -0.707107
-0.667488 -0.765367 -1.72298 1 1 1 -0.333744 -0.382683 -0.861492
-0.510873 -1.41421 -1.31871 1 1 1 -0.255436 -0.707107 -0.659357
0 -1.41421 -1.41421 1 1 1 -0 -0.707107 -0.707107
-0.667488 -0.765367 -1.72298 1 1 1 -0.333744 -0.382683 -0.861492
-1.24483 -0.765367 -1.36551 1 1 1 -0.622414 -0.382683 -0.682755
-0.510873 -1.41421 -1.31871 1 1 1 -0.255436 -0.707107 -0.659357
-1.24483 -0.765367 -1.36551 1 1 1 -0.622414 -0.382683 -0.682755
-0.95275 -1.41421 -1.04512 1 1 1 -0.476375 -0.707107 -0.522558
-0.510873 -1.41421 -1.31871 1 1 1 -0.255436 -0.707107 -0.659357
-1.24483 -0.765367 -1.36551 1 1 1 -0.622414 -0.382683 -0.682755
-1.65405 -0.765367 -0.823617 1 1 1 -0.827023 -0.382683 -0.411809
-0.95275 -1.41421 -1.04512 1 1 1 -0.476375 -0.707107 -0.522558
-1.65405 -0.765367 -0.823617 1 1 1 -0.827023 -0.382683 -0.411809
-1.26595 -1.41421 -0.630369 1 1 1 -0.632976 -0.707107 -0.315185
-0.95275 -1.41421 -1.04512 1 1 1 -0.476375 -0.707107 -0.522558
-1.65405 -0.765367 -0.823617 1 1 1 -0.827023 -0.382683 -0.411809
-1.83988 -0.765367 -0.17049 1 1 1 -0.919938 -0.382683 -0.0852448
-1.26595 -1.41421 -0.630369 1 1 1 -0.632976 -0.707107 -0.315185
-1.83988 -0.765367 -0.17049 1 1 1 -0.919938 -0.382683 -0.0852448
-1.40818 -1.41421 -0.130487 1 1 1 -0.70409 -0.707107 -0.0652436
-1.26595 -1.41421 -0.630369 1 1 1 -0.632976 -0.707107 -0.315185
-1.83988 -0.765367 -0.17049 1 1 1 -0.919938 -0.382683 -0.0852448
-1.77722 -0.765367 0.505663 1 1 1 -0.888611 -0.382683 0.252832
-1.40818 -1.41421 -0.130487 1 1 1 -0.70409 -0.707107 -0.0652436
-1.77722 -0.765367 0.505663 1 1 1 -0.888611 -0.382683 0.252832
-1.36023 -1.41421 0.387018 1 1 1 -0.680113 -0.707107 0.193509
-1.40818 -1.41421 -0.130487 1 1 1 -0.70409 -0.707107 -0.0652436
-1.77722 -0.765367 0.505663 1 1 1 -0.888611 -0.382683 0.252832
-1.47454 -0.765367 1.11352 1 1 1 -0.737272 -0.382683 0.556762
-1.36023 -1.41421 0.387018 1 1 1 -0.680113 -0.707107 0.193509
-1.47454 -0.765367 1.11352 1 1 1 -0.737272 -0.382683 0.556762
-1.12857 -1.41421 0.852254 1 1 1 -0.564283 -0.707107 0.426127
-1.36023 -1.41421 0.387018 1 1 1 -0.680113 -0.707107 0.193509
-1.47454 -0.765367 1.11352 1 1 1 -0.737272 -0.382683 0.556762
-0.97272 -0.765367 1.571 1 1 1 -0.48636 -0.382683 0.785498
-1.12857 -1.41421 0.852254 1 1 1 -0.564283 -0.707107 0.426127
-0.97272 -0.765367 1.571 1 1 1 -0.48636 -0.382683 0.785498
-0.744488 -1.41421 1.20239 1 1 1 -0.372244 -0.707107 0.601194
-1.12857 -1.41421 0.852254 1 1 1 -0.564283 -0.707107 0.426127
-0.97272 -0.765367 1.571 1 1 1 -0.48636 -0.382683 0.785498
-0.339525 -0.765367 1.8163 1 1 1 -0.169762 -0.382683 0.908149
-0.744488 -1.41421 1.20239 1 1 1 -0.372244 -0.707107 0.601194
-0.339525 -0.765367 1.8163 1 1 1 -0.169762 -0.382683 0.908149
-0.259861 -1.41421 1.39013 1 1 1 -0.129931 -0.707107 0.695067
-0.744488 -1.41421 1.20239 1 1 1 -0.372244 -0.707107 0.601194
-0.339525 -0.765367 1.8163 1 1 1 -0.169762 -0.382683 0.908149
0.339525 -0.765367 1.8163 1 1 1 0.169762 -0.382683 0.908149
-0.259861 -1.41421 1.39013 1 1 1 -0.129931 -0.707107 0.695067
0.339525 -0.765367 1.8163 1 1 1 0.169762 -0.382683 0.908149
0.259861 -1.41421 1.39013 1 1 1 0.129931 -0.707107 0.695067
-0.259861 -1.41421 1.39013 1 1 1 -0.129931 -0.707107 0.695067
0.339525 -0.765367 1.8163 1 1 1 0.169762 -0.382683 0.908149
0.97272 -0.765367 1.571 1 1 1 0.48636 -0.382683 0.785498
0.259861 -1.41421 1.39013 1 1 1 0.129931 -0.707107 0.695067
0.97272 -0.765367 1.571 1 1 1 0.48636 -0.382683 0.785498
0.744488 -1.41421 1.20239 1 1 1 0.372244 -0.707107 0.601194
0.259861 -1.41421 1.39013 1 1 1 0.129931 -0.707107 0.695067
0.97272 -0.765367 1.571 1 1 1 0.48636 -0.382683 0.785498
1.47454 -0.765367 1.11352 1 1 1 0.737272 -0.382683 0.556762
0.744488 -1.41421 1.20239 1 1 1 0.372244 -0.707107 0.601194
1.47454 -0.765367 1.11352 1 1 1 0.737272 -0.382683 0.556762
1.12857 -1.41421 0.852254 1 1 1 0.564283 -0.707107 0.426127
0.744488 -1.41421 1.20239 1 1 1 0.372244 -0.707107 0.601194
1.47454 -0.765367 1.11352 1 1 1 0.737272 -0.382683 0.556762
1.77722 -0.765367 0.505663 1 1 1 0.888611 -0.382683 0.252832
1.12857 -1.41421 0.852254 1 1 1 0.564283 -0.707107 0.426127
1.77722 -0.765367 0.505663 1 1 1 0.888611 -0.382683 0.252832
1.36023 -1.41421 0.387018 1 1 1 0.680113 -0.707107 0.193509
1.12857 -1.41421 0.852254 1 1 1 0.564283 -0.707107 0.426127
1.77722 -0.765367 0.505663 1 1 1 0.888611 -0.382683 0.252832
1.83988 -0.765367 -0.17049 1 1 1 0.919938 -0.382683 -0.0852448
1.36023 -1.41421 0.387018 1 1 1 0.680113 -0.707107 0.193509
1.83988 -0.765367 -0.17049 1 1 1 0.919938 -0.382683 -0.0852448
1.40818 -1.41421 -0.130487 1 1 1 0.70409 -0.707107 -0.0652436
1.36023 -1.41421 0.387018 1 1 1 0.680113 -0.707107 0.193509
1.83988 -0.765367 -0.17049 1 1 1 0.919938 -0.382683 -0.0852448
1.65405 -0.765367 -0.823617 1 1 1 0.827023 -0.382683 -0.411809
1.40818 -1.41421 -0.130487 1 1 1 0.70409 -0.707107 -0.0652436
1.65405 -0.765367 -0.823617 1 1 1 0.827023 -0.382683 -0.411809
1.26595 -1.41421 -0.630369 1 1 1 0.632976 -0.707107 -0.315185
1.40818 -1.41421 -0.130487 1 1 1 0.70409 -0.707107 -0.0652436
1.65405 -0.765367 -0.823617 1 1 1 0.827023 -0.382683 -0.411809
1.24483 -0.765367 -1.36551 1 1 1 0.622414 -0.382683 -0.682755
1.26595 -1.41421 -0.630369 1 1 1 0.632976 -0.707107 -0.315185
1.24483 -0.765367 -1.36551 1 1 1 0.622414 -0.382683 -0.682755
0.95275 -1.41421 -1.04512 1 1 1 0.476375 -0.707107 -0.522558
1.26595 -1.41421 -0.630369 1 1 1 0.632976 -0.707107 -0.315185
1.24483 -0.765367 -1.36551 1 1 1 0.622414 -0.382683 -0.682755
0.667488 -0.765367 -1.72298 1 1 1 0.333744 -0.382683 -0.861492
0.95275 -1.41421 -1.04512 1 1 1 0.476375 -0.707107 -0.522558
0.667488 -0.765367 -1.72298 1 1 1 0.333744 -0.382683 -0.861492
0.510873 -1.41421 -1.31871 1 1 1 0.255436 -0.707107 -0.659357
0.95275 -1.41421 -1.04512 1 1 1 0.476375 -0.707107 -0.522558
0.667488 -0.765367 -1.72298 1 1 1 0.333744 -0.382683 -0.861492
4.5257e-16 -0.765367 -1.84776 1 1 1 2.26285e-16 -0.382683 -0.92388
0.510873 -1.41421 -1.31871 1 1 1 0.255436 -0.707107 -0.659357
4.5257e-16 -0.765367 -1.84776 1 1 1 2.26285e-16 -0.382683 -0.92388
3.46382e-16 -1.41421 -1.41421 1 1 1 1.73191e-16 -0.707107 -0.707107
0.510873 -1.41421 -1.31871 1 1 1 0.255436 -0.707107 -0.659357
0 -1.41421 -1.41421 1 1 1 -0 -0.707107 -0.707107
-0.510873 -1.41421 -1.31871 1 1 1 -0.255436 -0.707107 -0.659357
0 -1.84776 -0.765367 1 1 1 -0 -0.92388 -0.382683
-0.510873 -1.41421 -1.31871 1 1 1 -0.255436 -0.707107 -0.659357
-0.276482 -1.84776 -0.713683 1 1 1 -0.138241 -0.92388 -0.356842
0 -1.84776 -0.765367 1 1 1 -0 -0.92388 -0.382683
-0.510873 -1.41421 -1.31871 1 1 1 -0.255436 -0.707107 -0.659357
-0.95275 -1.41421 -1.04512 1 1 1 -0.476375 -0.707107 -0.522558
-0.276482 -1.84776 -0.713683 1 1 1 -0.138241 -0.92388 -0.356842
-0.95275 -1.41421 -1.04512 1 1 1 -0.476375 -0.707107 -0.522558
-0.515624 -1.84776 -0.565613 1 1 1 -0.257812 -0.92388 -0.282806
-0.276482 -1.84776 -0.713683 1 1 1 -0.138241 -0.92388 -0.356842
-0.95275 -1.41421 -1.04512 1 1 1 -0.476375 -0.707107 -0.522558
-1.26595 -1.41421 -0.630369 1 1 1 -0.632976 -0.707107 -0.315185
-0.515624 -1.84776 -0.565613 1 1 1 -0.257812 -0.92388 -0.282806
-1.26595 -1.41421 -0.630369 1 1 1 -0.632976 -0.707107 -0.315185
-0.685128 -1.84776 -0.341153 1 1 1 -0.342564 -0.92388 -0.170577
-0.515624 -1.84776 -0.565613 1 1 1 -0.257812 -0.92388 -0.282806
-1.26595 -1.41421 -0.630369 1 1 1 -0.632976 -0.707107 -0.315185
-1.40818 -1.41421 -0.130487 1 1 1 -0.70409 -0.707107 -0.0652436
-0.685128 -1.84776 -0.341153 1 1 1 -0.342564 -0.92388 -0.170577
-1.40818 -1.41421 -0.130487 1 1 1 -0.70409 -0.707107 -0.0652436
-0.762102 -1.84776 -0.0706191 1 1 1 -0.381051 -0.92388 -0.0353096
-0.685128 -1.84776 -0.341153 1 1 1 -0.342564 -0.92388 -0.170577
-1.40818 -1.41421 -0.130487 1 1 1 -0.70409 -0.707107 -0.0652436
-1.36023 -1.41421 0.387018 1 1 1 -0.680113 -0.707107 0.193509
-0.762102 -1.84776 -0.0706191 1 1 1 -0.381051 -0.92388 -0.0353096
-1.36023 -1.41421 0.387018 1 1 1 -0.680113 -0.707107 0.193509
-0.736149 -1.84776 0.209453 1 1 1 -0.368075 -0.92388 0.104726
-0.762102 -1.84776 -0.0706191 1 1 1 -0.381051 -0.92388 -0.0353096
-1.36023 -1.41421 0.387018 1 1 1 -0.680113 -0.707107 0.193509
-1.12857 -1.41421 0.852254 1 1 1 -0.564283 -0.707107 0.426127
-0.736149 -1.84776 0.209453 1 1 1 -0.368075 -0.92388 0.104726
-1.12857 -1.41421 0.852254 1 1 1 -0.564283 -0.707107 0.426127
-0.610776 -1.84776 0.461237 1 1 1 -0.305388 -0.92388 0.230618
-0.736149 -1.84776 0.209453 1 1 1 -0.368075 -0.92388 0.104726
-1.12857 -1.41421 0.852254 1 1 1 -0.564283 -0.707107 0.426127
-0.744488 -1.41421 1.20239 1 1 1 -0.372244 -0.707107 0.601194
-0.610776 -1.84776 0.461237 1 1 1 -0.305388 -0.92388 0.230618
-0.744488 -1.41421 1.20239 1 1 1 -0.372244 -0.707107 0.601194
-0.402914 -1.84776 0.650728 1 1 1 -0.201457 -0.92388 0.325364
-0.610776 -1.84776 0.461237 1 1 1 -0.305388 -0.92388 0.230618
-0.744488 -1.41421 1.20239 1 1 1 -0.372244 -0.707107 0.601194
-0.259861 -1.41421 1.39013 1 1 1 -0.129931 -0.707107 0.695067
-0.402914 -1.84776 0.650728 1 1 1 -0.201457 -0.92388 0.325364
-0.259861 -1.41421 1.39013 1 1 1 -0.129931 -0.707107 0.695067
-0.140636 -1.84776 0.752335 1 1 1 -0.0703179 -0.92388 0.376168
-0.402914 -1.84776 0.650728 1 1 1 -0.201457 -0.92388 0.325364
-0.259861 -1.41421 1.39013 1 1 1 -0.129931 -0.707107 0.695067
0.259861 -1.41421 1.39013 1 1 1 0.129931 -0.707107 0.695067
-0.140636 -1.84776 0.752335 1 1 1 -0.0703179 -0.92388 0.376168
0.259861 -1.41421 1.39013 1 1 1 0.129931 -0.707107 0.695067
0.140636 -1.84776 0.752335 1 1 1 0.0703179 -0.92388 0.376168
-0.140636 -1.84776 0.752335 1 1 1 -0.0703179 -0.92388 0.376168
0.259861 -1.41421 1.39013 1 1 1 0.129931 -0.707107 0.695067
0.744488 -1.41421 1.20239 1 1 1 0.372244 -0.707107 0.601194
0.140636 -1.84776 0.752335 1 1 1 0.0703179 -0.92388 0.376168
0.744488 -1.41421 1.20239 1 1 1 0.372244 -0.707107 0.601194
0.402914 -1.84776 0.650728 1 1 1 0.201457 -0.92388 0.325364
0.140636 -1.84776 0.752335 1 1 1 0.0703179 -0.92388 0.376168
0.744488 -1.41421 1.20239 1 1 1 0.372244 -0.707107 0.601194
1.12857 -1.41421 0.852254 1 1 1 0.564283 -0.707107 0.426127
0.402914 -1.84776 0.650728 1 1 1 0.201457 -0.92388 0.325364
1.12857 -1.41421 0.852254 1 1 1 0.564283 -0.707107 0.426127
0.610776 -1.84776 0.461237 1 1 1 0.305388 -0.92388 0.230618
0.402914 -1.84776 0.650728 1 1 1 0.201457 -0.92388 0.325364
1.12857 -1.41421 0.852254 1 1 1 0.564283 -0.707107 0.426127
1.36023 -1.41421 0.387018 1 1 1 0.680113 -0.707107 0.193509
0.610776 -1.84776 0.461237 1 1 1 0.305388 -0.92388 0.230618
1.36023 -1.41421 0.387018 1 1 1 0.680113 -0.707107 0.193509
0.736149 -1.84776 0.209453 1 1 1 0.368075 -0.92388 0.104726
0.610776 -1.84776 0.461237 1 1 1 0.305388 -0.92388 0.230618
1.36023 -1.41421 0.387018 1 1 1 0.680113 -0.707107 0.193509
1.40818 -1.41421 -0.130487 1 1 1 0.70409 -0.707107 -0.0652436
0.736149 -1.84776 0.209453 1 1 1 0.368075 -0.92388 0.104726
1.40818 -1.41421 -0.130487 1 1 1 0.70409 -0.707107 -0.0652436
0.762102 -1.84776 -0.0706191 1 1 1 0.381051 -0.92388 -0.0353096
0.736149 -1.84776 0.209453 1 1 1 0.368075 -0.92388 0.104726
1.40818 -1.41421 -0.130487 1 1 1 0.70409 -0.707107 -0.0652436
1.26595 -1.41421 -0.630369 1 1 1 0.632976 -0.707107 -0.315185
0.762102 -1.84776 -0.0706191 1 1 1 0.381051 -0.92388 -0.0353096
1.26595 -1.41421 -0.630369 1 1 1 0.632976 -0.707107 -0.315185
0.685128 -1.84776 -0.341153 1 1 1 0.342564 -0.92388 -0.170577
0.762102 -1.84776 -0.0706191 1 1 1 0.381051 -0.92388 -0.0353096
1.26595 -1.41421 -0.630369 1 1 1 0.632976 -0.707107 -0.315185
0.95275 -1.41421 -1.04512 1 1 1 0.476375 -0.707107 -0.522558
0.685128 -1.84776 -0.341153 1 1 1 0.342564 -0.92388 -0.170577
0.95275 -1.41421 -1.04512 1 1 1 0.476375 -0.707107 -0.522558
0.515624 -1.84776 -0.565613 1 1 1 0.257812 -0.92388 -0.282806
0.685128 -1.84776 -0.341153 1 1 1 0.342564 -0.92388 -0.170577
0.95275 -1.41421 -1.04512 1 1 1 0.476375 -0.707107 -0.522558
0.510873 -1.41421 -1.31871 1 1 1 0.255436 -0.707107 -0.659357
0.515624 -1.84776 -0.565613 1 1 1 0.257812 -0.92388 -0.282806
0.510873 -1.41421 -1.31871 1 1 1 0.255436 -0.707107 -0.659357
0.276482 -1.84776 -0.713683 1 1 1 0.138241 -0.92388 -0.356842
0.515624 -1.84776 -0.565613 1 1 1 0.257812 -0.92388 -0.282806
0.510873 -1.41421 -1.31871 1 1 1 0.255436 -0.707107 -0.659357
3.46382e-16 -1.41421 -1.41421 1 1 1 1.73191e-16 -0.707107 -0.707107
0.276482 -1.84776 -0.713683 1 1 1 0.138241 -0.92388 -0.356842
3.46382e-16 -1.41421 -1.41421 1 1 1 1.73191e-16 -0.707107 -0.707107
1.87461e-16 -1.84776 -0.765367 1 1 1 9.37304e-17 -0.92388 -0.382683
0.276482 -1.84776 -0.713683 1 1 1 0.138241 -0.92388 -0.356842
0 -1.84776 -0.765367 1 1 1 -0 -0.92388 -0.382683
-0.276482 -1.84776 -0.713683 1 1 1 -0.138241 -0.92388 -0.356842
0 -2 1.22465e-16 1 1 1 0 -1 6.12323e-17
-0.276482 -1.84776 -0.713683 1 1 1 -0.138241 -0.92388 -0.356842
4.42393e-17 -2 1.14195e-16 1 1 1 2.21197e-17 -1 5.70975e-17
0 -2 1.22465e-16 1 1 1 0 -1 6.12323e-17
-0.276482 -1.84776 -0.713683 1 1 1 -0.138241 -0.92388 -0.356842
-0.515624 -1.84776 -0.565613 1 1 1 -0.257812 -0.92388 -0.282806
4.42393e-17 -2 1.14195e-16 1 1 1 2.21197e-17 -1 5.70975e-17
-0.515624 -1.84776 -0.565613 1 1 1 -0.257812 -0.92388 -0.282806
8.25039e-17 -2 9.05025e-17 1 1 1 4.1252e-17 -1 4.52512e-17
4.42393e-17 -2 1.14195e-16 1 1 1 2.21197e-17 -1 5.70975e-17
-0.515624 -1.84776 -0.565613 1 1 1 -0.257812 -0.92388 -0.282806
-0.685128 -1.84776 -0.341153 1 1 1 -0.342564 -0.92388 -0.170577
8.25039e-17 -2 9.05025e-17 1 1 1 4.1252e-17 -1 4.52512e-17
-0.685128 -1.84776 -0.341153 1 1 1 -0.342564 -0.92388 -0.170577
1.09626e-16 -2 5.45872e-17 1 1 1 5.48129e-17 -1 2.72936e-17
8.25039e-17 -2 9.05025e-17 1 1 1 4.1252e-17 -1 4.52512e-17
-0.685128 -1.84776 -0.341153 1 1 1 -0.342564 -0.92388 -0.170577
-0.762102 -1.84776 -0.0706191 1 1 1 -0.381051 -0.92388 -0.0353096
1.09626e-16 -2 5.45872e-17 1 1 1 5.48129e-17 -1 2.72936e-17
-0.762102 -1.84776 -0.0706191 1 1 1 -0.381051 -0.92388 -0.0353096
1.21942e-16 -2 1.12996e-17 1 1 1 6.09711e-17 -1 5.64981e-18
1.09626e-16 -2 5.45872e-17 1 1 1 5.48129e-17 -1 2.72936e-17
-0.762102 -1.84776 -0.0706191 1 1 1 -0.381051 -0.92388 -0.0353096
-0.736149 -1.84776 0.209453 1 1 1 -0.368075 -0.92388 0.104726
1.21942e-16 -2 1.12996e-17 1 1 1 6.09711e-17 -1 5.64981e-18
-0.736149 -1.84776 0.209453 1 1 1 -0.368075 -0.92388 0.104726
1.1779e-16 -2 -3.35141e-17 1 1 1 5.88948e-17 -1 -1.6757e-17
1.21942e-16 -2 1.12996e-17 1 1 1 6.09711e-17 -1 5.64981e-18
-0.736149 -1.84776 0.209453 1 1 1 -0.368075 -0.92388 0.104726
-0.610776 -1.84776 0.461237 1 1 1 -0.305388 -0.92388 0.230618
1.1779e-16 -2 -3.35141e-17 1 1 1 5.88948e-17 -1 -1.6757e-17
-0.610776 -1.84776 0.461237 1 1 1 -0.305388 -0.92388 0.230618
9.77289e-17 -2 -7.38015e-17 1 1 1 4.88645e-17 -1 -3.69007e-17
1.1779e-16 -2 -3.35141e-17 1 1 1 5.88948e-17 -1 -1.6757e-17
-0.610776 -1.84776 0.461237 1 1 1 -0.305388 -0.92388 0.230618
-0.402914 -1.84776 0.650728 1 1 1 -0.201457 -0.92388 0.325364
9.77289e-17 -2 -7.38015e-17 1 1 1 4.88645e-17 -1 -3.69007e-17
-0.402914 -1.84776 0.650728 1 1 1 -0.201457 -0.92388 0.325364
6.44693e-17 -2 -1.04122e-16 1 1 1 3.22347e-17 -1 -5.20608e-17
9.77289e-17 -2 -7.38015e-17 1 1 1 4.88645e-17 -1 -3.69007e-17
-0.402914 -1.84776 0.650728 1 1 1 -0.201457 -0.92388 0.325364
-0.140636 -1.84776 0.752335 1 1 1 -0.0703179 -0.92388 0.376168
6.44693e-17 -2 -1.04122e-16 1 1 1 3.22347e-17 -1 -5.20608e-17
-0.140636 -1.84776 0.752335 1 1 1 -0.0703179 -0.92388 0.376168
2.25028e-17 -2 -1.20379e-16 1 1 1 1.12514e-17 -1 -6.01897e-17
6.44693e-17 -2 -1.04122e-16 1 1 1 3.22347e-17 -1 -5.20608e-17
-0.140636 -1.84776 0.752335 1 1 1 -0.0703179 -0.92388 0.376168
0.140636 -1.84776 0.752335 1 1 1 0.0703179 -0.92388 0.376168
2.25028e-17 -2 -1.20379e-16 1 1 1 1.12514e-17 -1 -6.01897e-17
0.140636 -1.84776 0.752335 1 1 1 0.0703179 -0.92388 0.376168
-2.25028e-17 -2 -1.20379e-16 1 1 1 -1.12514e-17 -1 -6.01897e-17
2.25028e-17 -2 -1.20379e-16 1 1 1 1.12514e-17 -1 -6.01897e-17
0.140636 -1.84776 0.752335 1 1 1 0.0703179 -0.92388 0.376168
0.402914 -1.84776 0.650728 1 1 1 0.201457 -0.92388 0.325364
-2.25028e-17 -2 -1.20379e-16 1 1 1 -1.12514e-17 -1 -6.01897e-17
0.402914 -1.84776 0.650728 1 1 1 0.201457 -0.92388 0.325364
-6.44693e-17 -2 -1.04122e-16 1 1 1 -3.22347e-17 -1 -5.20608e-17
-2.25028e-17 -2 -1.20379e-16 1 1 1 -1.12514e-17 -1 -6.01897e-17
0.402914 -1.84776 0.650728 1 1 1 0.201457 -0.92388 0.325364
0.610776 -1.84776 0.461237 1 1 1 0.305388 -0.92388 0.230618
-6.44693e-17 -2 -1.04122e-16 1 1 1 -3.22347e-17 -1 -5.20608e-17
0.610776 -1.84776 0.461237 1 1 1 0.305388 -0.92388 0.230618
-9.77289e-17 -2 -7.38015e-17 1 1 1 -4.88645e-17 -1 -3.69007e-17
-6.44693e-17 -2 -1.04122e-16 1 1 1 -3.22347e-17 -1 -5.20608e-17
0.610776 -1.84776 0.461237 1 1 1 0.305388 -0.92388 0.230618
0.736149 -1.84776 0.209453 1 1 1 0.368075 -0.92388 0.104726
-9.77289e-17 -2 -7.38015e-17 1 1 1 -4.88645e-17 -1 -3.69007e-17
0.736149 -1.84776 0.209453 1 1 1 0.368075 -0.92388 0.104726
-1.1779e-16 -2 -3.35141e-17 1 1 1 -5.88948e-17 -1 -1.6757e-17
-9.77289e-17 -2 -7.38015e-17 1 1 1 -4.88645e-17 -1 -3.69007e-17
0.736149 -1.84776 0.209453 1 1 1 0.368075 -0.92388 0.104726
0.762102 -1.84776 -0.0706191 1 1 1 0.381051 -0.92388 -0.0353096
-1.1779e-16 -2 -3.35141e-17 1 1 1 -5.88948e-17 -1 -1.6757e-17
0.762102 -1.84776 -0.0706191 1 1 1 0.381051 -0.92388 -0.0353096
-1.21942e-16 -2 1.12996e-17 1 1 1 -6.09711e-17 -1 5.64981e-18
-1.1779e-16 -2 -3.35141e-17 1 1 1 -5.88948e-17 -1 -1.6757e-17
0.762102 -1.84776 -0.0706191 1 1 1 0.381051 -0.92388 -0.0353096
0.685128 -1.84776 -0.341153 1 1 1 0.342564 -0.92388 -0.170577
-1.21942e-16 -2 1.12996e-17 1 1 1 -6.09711e-17 -1 5.64981e-18
0.685128 -1.84776 -0.341153 1 1 1 0.342564 -0.92388 -0.170577
-1.09626e-16 -2 5.45872e-17 1 1 1 -5.48129e-17 -1 2.72936e-17
-1.21942e-16 -2 1.12996e-17 1 1 1 -6.09711e-17 -1 5.64981e-18
0.685128 -1.84776 -0.341153 1 1 1 0.342564 -0.92388 -0.170577
0.515624 -1.84776 -0.565613 1 1 1 0.257812 -0.92388 -0.282806
-1.09626e-16 -2 5.45872e-17 1 1 1 -5.48129e-17 -1 2.72936e-17
0.515624 -1.84776 -0.565613 1 1 1 0.257812 -0.92388 -0.282806
-8.25039e-17 -2 9.05025e-17 1 1 1 -4.1252e-17 -1 4.52512e-17
-1.09626e-16 -2 5.45872e-17 1 1 1 -5.48129e-17 -1 2.72936e-17
0.515624 -1.84776 -0.565613 1 1 1 0.257812 -0.92388 -0.282806
0.276482 -1.84776 -0.713683 1 1 1 0.138241 -0.92388 -0.356842
-8.25039e-17 -2 9.05025e-17 1 1 1 -4.1252e-17 -1 4.52512e-17
0.276482 -1.84776 -0.713683 1 1 1 0.138241 -0.92388 -0.356842
-4.42393e-17 -2 1.14195e-16 1 1 1 -2.21197e-17 -1 5.70975e-17
-8.25039e-17 -2 9.05025e-17 1 1 1 -4.1252e-17 -1 4.52512e-17
0.276482 -1.84776 -0.713683 1 1 1 0.138241 -0.92388 -0.356842
1.87461e-16 -1.84776 -0.765367 1 1 1 9.37304e-17 -0.92388 -0.382683
-4.42393e-17 -2 1.14195e-16 1 1 1 -2.21197e-17 -1 5.70975e-17
1.87461e-16 -1.84776 -0.765367 1 1 1 9.37304e-17 -0.92388 -0.382683
-2.99952e-32 -2 1.22465e-16 1 1 1 -1.49976e-32 -1 6.12323e-17
-4.42393e-17 -2 1.14195e-16 1 1 1 -2.21197e-17 -1 5.70975e-17
0 -2 1.22465e-16 1 1 1 0 -1 6.12323e-17
4.42393e-17 -2 1.14195e-16 1 1 1 2.21197e-17 -1 5.70975e-17
0 -1.84776 0.765367 1 1 1 0 -0.92388 0.382683
4.42393e-17 -2 1.14195e-16 1 1 1 2.21197e-17 -1 5.70975e-17
0.276482 -1.84776 0.713683 1 1 1 0.138241 -0.92388 0.356842
0 -1.84776 0.765367 1 1 1 0 -0.92388 0.382683
4.42393e-17 -2 1.14195e-16 1 1 1 2.21197e-17 -1 5.70975e-17
8.25039e-17 -2 9.05025e-17 1 1 1 4.1252e-17 -1 4.52512e-17
0.276482 -1.84776 0.713683 1 1 1 0.138241 -0.92388 0.356842
8.25039e-17 -2 9.05025e-17 1 1 1 4.1252e-17 -1 4.52512e-17
0.515624 -1.84776 0.565613 1 1 1 0.257812 -0.92388 0.282806
0.276482 -1.84776 0.713683 1 1 1 0.138241 -0.92388 0.356842
8.25039e-17 -2 9.05025e-17 1 1 1 4.1252e-17 -1 4.52512e-17
1.09626e-16 -2 5.45872e-17 1 1 1 5.48129e-17 -1 2.72936e-17
0.515624 -1.84776 0.565613 1 1 1 0.257812 -0.92388 0.282806
1.09626e-16 -2 5.45872e-17 1 1 1 5.48129e-17 -1 2.72936e-17
0.685128 -1.84776 0.341153 1 1 1 0.342564 -0.92388 0.170577
0.515624 -1.84776 0.565613 1 1 1 0.257812 -0.92388 0.282806
1.09626e-16 -2 5.45872e-17 1 1 1 5.48129e-17 -1 2.72936e-17
1.21942e-16 -2 1.12996e-17 1 1 1 6.09711e-17 -1 5.64981e-18
0.685128 -1.84776 0.341153 1 1 1 0.342564 -0.92388 0.170577
1.21942e-16 -2 1.12996e-17 1 1 1 6.09711e-17 -1 5.64981e-18
0.762102 -1.84776 0.0706191 1 1 1 0.381051 -0.92388 0.0353096
0.685128 -1.84776 0.341153 1 1 1 0.342564 -0.92388 0.170577
1.21942e-16 -2 1.12996e-17 1 1 1 6.09711e-17 -1 5.64981e-18
1.1779e-16 -2 -3.35141e-17 1 1 1 5.88948e-17 -1 -1.6757e-17
0.762102 -1.84776 0.0706191 1 1 1 0.381051 -0.92388 0.0353096
1.1779e-16 -2 -3.35141e-17 1 1 1 5.88948e-17 -1 -1.6757e-17
0.736149 -1.84776 -0.209453 1 1 1 0.368075 -0.92388 -0.104726
0.762102 -1.84776 0.0706191 1 1 1 0.381051 -0.92388 0.0353096
1.1779e-16 -2 -3.35141e-17 1 1 1 5.88948e-17 -1 -1.6757e-17
9.77289e-17 -2 -7.38015e-17 1 1 1 4.88645e-17 -1 -3.69007e-17
0.736149 -1.84776 -0.209453 1 1 1 0.368075 -0.92388 -0.104726
9.77289e-17 -2 -7.38015e-17 1 1 1 4.88645e-17 -1 -3.69007e-17
0.610776 -1.84776 -0.461237 1 1 1 0.305388 -0.92388 -0.230618
0.736149 -1.84776 -0.209453 1 1 1 0.368075 -0.92388 -0.104726
9.77289e-17 -2 -7.38015e-17 1 1 1 4.88645e-17 -1 -3.69007e-17
6.44693e-17 -2 -1.04122e-16 1 1 1 3.22347e-17 -1 -5.20608e-17
0.610776 -1.84776 -0.461237 1 1 1 0.305388 -0.92388 -0.230618
6.44693e-17 -2 -1.04122e-16 1 1 1 3.22347e-17 -1 -5.20608e-17
0.402914 -1.84776 -0.650728 1 1 1 0.201457 -0.92388 -0.325364
0.610776 -1.84776 -0.461237 1 1 1 0.305388 -0.92388 -0.230618
6.44693e-17 -2 -1.04122e-16 1 1 1 3.22347e-17 -1 -5.20608e-17
2.25028e-17 -2 -1.20379e-16 1 1 1 1.12514e-17 -1 -6.01897e-17
0.402914 -1.84776 -0.650728 1 1 1 0.201457 -0.92388 -0.325364
2.25028e-17 -2 -1.20379e-16 1 1 1 1.12514e-17 -1 -6.01897e-17
0.140636 -1.84776 -0.752335 1 1 1 0.0703179 -0.92388 -0.376168
0.402914 -1.84776 -0.650728 1 1 1 0.201457 -0.92388 -0.325364
2.25028e-17 -2 -1.20379e-16 1 1 1 1.12514e-17 -1 -6.01897e-17
-2.25028e-17 -2 -1.20379e-16 1 1 1 -1.12514e-17 -1 -6.01897e-17
0.140636 -1.84776 -0.752335 1 1 1 0.0703179 -0.92388 -0.376168
-2.25028e-17 -2 -1.20379e-16 1 1 1 -1.12514e-17 -1 -6.01897e-17
-0.140636 -1.84776 -0.752335 1 1 1 -0.0703179 -0.92388 -0.376168
0.140636 -1.84776 -0.752335 1 1 1 0.0703179 -0.92388 -0.376168
-2.25028e-17 -2 -1.20379e-16 1 1 1 -1.12514e-17 -1 -6.01897e-17
-6.44693e-17 -2 -1.04122e-16 1 1 1 -3.22347e-17 -1 -5.20608e-17
-0.140636 -1.84776 -0.752335 1 1 1 -0.0703179 -0.92388 -0.376168
-6.44693e-17 -2 -1.04122e-16 1 1 1 -3.22347e-17 -1 -5.20608e-17
-0.402914 -1.84776 -0.650728 1 1 1 -0.201457 -0.92388 -0.325364
-0.140636 -1.84776 -0.752335 1 1 1 -0.0703179 -0.92388 -0.376168
-6.44693e-17 -2 -1.04122e-16 1 1 1 -3.22347e-17 -1 -5.20608e-17
-9.77289e-17 -2 -7.38015e-17 1 1 1 -4.88645e-17 -1 -3.69007e-17
-0.402914 -1.84776 -0.650728 1 1 1 -0.201457 -0.92388 -0.325364
-9.77289e-17 -2 -7.38015e-17 1 1 1 -4.88645e-17 -1 -3.69007e-17
-0.610776 -1.84776 -0.461237 1 1 1 -0.305388 -0.92388 -0.230618
-0.402914 -1.84776 -0.650728 1 1 1 -0.201457 -0.92388 -0.325364
-9.77289e-17 -2 -7.38015e-17 1 1 1 -4.88645e-17 -1 -3.69007e-17
-1.1779e-16 -2 -3.35141e-17 1 1 1 -5.88948e-17 -1 -1.6757e-17
-0.610776 -1.84776 -0.461237 1 1 1 -0.305388 -0.92388 -0.230618
-1.1779e-16 -2 -3.35141e-17 1 1 1 -5.88948e-17 -1 -1.6757e-17
-0.736149 -1.84776 -0.209453 1 1 1 -0.368075 -0.92388 -0.104726
-0.610776 -1.84776 -0.461237 1 1 1 -0.305388 -0.92388 -0.230618
-1.1779e-16 -2 -3.35141e-17 1 1 1 -5.88948e-17 -1 -1.6757e-17
-1.21942e-16 -2 1.12996e-17 1 1 1 -6.09711e-17 -1 5.64981e-18
-0.736149 -1.84776 -0.209453 1 1 1 -0.368075 -0.92388 -0.104726
-1.21942e-16 -2 1.12996e-17 1 1 1 -6.09711e-17 -1 5.64981e-18
-0.762102 -1.84776 0.0706191 1 1 1 -0.381051 -0.92388 0.0353096
-0.736149 -1.84776 -0.209453 1 1 1 -0.368075 -0.92388 -0.104726
-1.21942e-16 -2 1.12996e-17 1 1 1 -6.09711e-17 -1 5.64981e-18
-1.09626e-16 -2 5.45872e-17 1 1 1 -5.48129e-17 -1 2.72936e-17
-0.762102 -1.84776 0.0706191 1 1 1 -0.381051 -0.92388 0.0353096
-1.09626e-16 -2 5.45872e-17 1 1 1 -5.48129e-17 -1 2.72936e-17
-0.685128 -1.84776 0.341153 1 1 1 -0.342564 -0.92388 0.170577
-0.762102 -1.84776 0.0706191 1 1 1 -0.381051 -0.92388 0.0353096
-1.09626e-16 -2 5.45872e-17 1 1 1 -5.48129e-17 -1 2.72936e-17
-8.25039e-17 -2 9.05025e-17 1 1 1 -4.1252e-17 -1 4.52512e-17
-0.685128 -1.84776 0.341153 1 1 1 -0.342564 -0.92388 0.170577
-8.25039e-17 -2 9.05025e-17 1 1 1 -4.1252e-17 -1 4.52512e-17
-0.515624 -1.84776 0.565613 1 1 1 -0.257812 -0.92388 0.282806
-0.685128 -1.84776 0.341153 1 1 1 -0.342564 -0.92388 0.170577
-8.25039e-17 -2 9.05025e-17 1 1 1 -4.1252e-17 -1 4.52512e-17
-4.42393e-17 -2 1.14195e-16 1 1 1 -2.21197e-17 -1 5.70975e-17
-0.515624 -1.84776 0.565613 1 1 1 -0.257812 -0.92388 0.282806
-4.42393e-17 -2 1.14195e-16 1 1 1 -2.21197e-17 -1 5.70975e-17
-0.276482 -1.84776 0.713683 1 1 1 -0.138241 -0.92388 0.356842
-0.515624 -1.84776 0.565613 1 1 1 -0.257812 -0.92388 0.282806
-4.42393e-17 -2 1.14195e-16 1 1 1 -2.21197e-17 -1 5.70975e-17
-2.99952e-32 -2 1.22465e-16 1 1 1 -1.49976e-32 -1 6.12323e-17
-0.276482 -1.84776 0.713683 1 1 1 -0.138241 -0.92388 0.356842
-2.99952e-32 -2 1.22465e-16 1 1 1 -1.49976e-32 -1 6.12323e-17
-1.87461e-16 -1.84776 0.765367 1 1 1 -9.37304e-17 -0.92388 0.382683
-0.276482 -1.84776 0.713683 1 1 1 -0.138241 -0.92388 0.356842
0 -1.84776 0.765367 1 1 1 0 -0.92388 0.382683
0.276482 -1.84776 0.713683 1 1 1 0.138241 -0.92388 0.356842
0 -1.41421 1.41421 1 1 1 0 -0.707107 0.707107
0.276482 -1.84776 0.713683 1 1 1 0.138241 -0.92388 0.356842
0.510873 -1.41421 1.31871 1 1 1 0.255436 -0.707107 0.659357
0 -1.41421 1.41421 1 1 1 0 -0.707107 0.707107
0.276482 -1.84776 0.713683 1 1 1 0.138241 -0.92388 0.356842
0.515624 -1.84776 0.565613 1 1 1 0.257812 -0.92388 0.282806
0.510873 -1.41421 1.31871 1 1 1 0.255436 -0.707107 0.659357
0.515624 -1.84776 0.565613 1 1 1 0.257812 -0.92388 0.282806
0.95275 -1.41421 1.04512 1 1 1 0.476375 -0.707107 0.522558
0.510873 -1.41421 1.31871 1 1 1 0.255436 -0.707107 0.659357
0.515624 -1.84776 0.565613 1 1 1 0.257812 -0.92388 0.282806
0.685128 -1.84776 0.341153 1 1 1 0.342564 -0.92388 0.170577
0.95275 -1.41421 1.04512 1 1 1 0.476375 -0.707107 0.522558
0.685128 -1.84776 0.341153 1 1 1 0.342564 -0.92388 0.170577
1.26595 -1.41421 0.630369 1 1 1 0.632976 -0.707107 0.315185
0.95275 -1.41421 1.04512 1 1 1 0.476375 -0.707107 0.522558
0.685128 -1.84776 0.341153 1 1 1 0.342564 -0.92388 0.170577
0.762102 -1.84776 0.0706191 1 1 1 0.381051 -0.92388 0.0353096
1.26595 -1.41421 0.630369 1 1 1 0.632976 -0.707107 0.315185
0.762102 -1.84776 0.0706191 1 1 1 0.381051 -0.92388 0.0353096
1.40818 -1.41421 0.130487 1 1 1 0.70409 -0.707107 0.0652436
1.26595 -1.41421 0.630369 1 1 1 0.632976 -0.707107 0.315185
0.762102 -1.84776 0.0706191 1 1 1 0.381051 -0.92388 0.0353096
0.736149 -1.84776 -0.209453 1 1 1 0.368075 -0.92388 -0.104726
1.40818 -1.41421 0.130487 1 1 1 0.70409 -0.707107 0.0652436
0.736149 -1.84776 -0.209453 1 1 1 0.368075 -0.92388 -0.104726
1.36023 -1.41421 -0.387018 1 1 1 0.680113 -0.707107 -0.193509
1.40818 -1.41421 0.130487 1 1 1 0.70409 -0.707107 0.0652436
0.736149 -1.84776 -0.209453 1 1 1 0.368075 -0.92388 -0.104726
0.610776 -1.84776 -0.461237 1 1 1 0.305388 -0.92388 -0.230618
1.36023 -1.41421 -0.387018 1 1 1 0.680113 -0.707107 -0.193509
0.610776 -1.84776 -0.461237 1 1 1 0.305388 -0.92388 -0.230618
1.12857 -1.41421 -0.852254 1 1 1 0.564283 -0.707107 -0.426127
1.36023 -1.41421 -0.387018 1 1 1 0.680113 -0.707107 -0.193509
0.610776 -1.84776 -0.461237 1 1 1 0.305388 -0.92388 -0.230618
0.402914 -1.84776 -0.650728 1 1 1 0.201457 -0.92388 -0.325364
1.12857 -1.41421 -0.852254 1 1 1 0.564283 -0.707107 -0.426127
0.402914 -1.84776 -0.650728 1 1 1 0.201457 -0.92388 -0.325364
0.744488 -1.41421 -1.20239 1 1 1 0.372244 -0.707107 -0.601194
1.12857 -1.41421 -0.852254 1 1 1 0.564283 -0.707107 -0.426127
0.402914 -1.84776 -0.650728 1 1 1 0.201457 -0.92388 -0.325364
0.140636 -1.84776 -0.752335 1 1 1 0.0703179 -0.92388 -0.376168
0.744488 -1.41421 -1.20239 1 1 1 0.372244 -0.707107 -0.601194
0.140636 -1.84776 -0.752335 1 1 1 0.0703179 -0.92388 -0.376168
0.259861 -1.41421 -1.39013 1 1 1 0.129931 -0.707107 -0.695067
0.744488 -1.41421 -1.20239 1 1 1 0.372244 -0.707107 -0.601194
0.140636 -1.84776 -0.752335 1 1 1 0.0703179 -0.92388 -0.376168
-0.140636 -1.84776 -0.752335 1 1 1 -0.0703179 -0.92388 -0.376168
0.259861 -1.41421 -1.39013 1 1 1 0.129931 -0.707107 -0.695067
-0.140636 -1.84776 -0.752335 1 1 1 -0.0703179 -0.92388 -0.376168
-0.259861 -1.41421 -1.39013 1 1 1 -0.129931 -0.707107 -0.695067
0.259861 -1.41421 -1.39013 1 1 1 0.129931 -0.707107 -0.695067
-0.140636 -1.84776 -0.752335 1 1 1 -0.0703179 -0.92388 -0.376168
-0.402914 -1.84776 -0.650728 1 1 1 -0.201457 -0.92388 -0.325364
-0.259861 -1.41421 -1.39013 1 1 1 -0.129931 -0.707107 -0.695067
-0.402914 -1.84776 -0.650728 1 1 1 -0.201457 -0.92388 -0.325364
-0.744488 -1.41421 -1.20239 1 1 1 -0.372244 -0.707107 -0.601194
-0.259861 -1.41421 -1.39013 1 1 1 -0.129931 -0.707107 -0.695067
-0.402914 -1.84776 -0.650728 1 1 1 -0.201457 -0.92388 -0.325364
-0.610776 -1.84776 -0.461237 1 1 1 -0.305388 -0.92388 -0.230618
-0.744488 -1.41421 -1.20239 1 1 1 -0.372244 -0.707107 -0.601194
-0.610776 -1.84776 -0.461237 1 1 1 -0.305388 -0.92388 -0.230618
-1.12857 -1.41421 -0.852254 1 1 1 -0.564283 -0.707107 -0.426127
-0.744488 -1.41421 -1.20239 1 1 1 -0.372244 -0.707107 -0.601194
-0.610776 -1.84776 -0.461237 1 1 1 -0.305388 -0.92388 -0.230618
-0.736149 -1.84776 -0.209453 1 1 1 -0.368075 -0.92388 -0.104726
-1.12857 -1.41421 -0.852254 1 1 1 -0.564283 -0.707107 -0.426127
-0.736149 -1.84776 -0.209453 1 1 1 -0.368075 -0.92388 -0.104726
-1.36023 -1.41421 -0.387018 1 1 1 -0.680113 -0.707107 -0.193509
-1.12857 -1.41421 -0.852254 1 1 1 -0.564283 -0.707107 -0.426127
-0.736149 -1.84776 -0.209453 1 1 1 -0.368075 -0.92388 -0.104726
-0.762102 -1.84776 0.0706191 1 1 1 -0.381051 -0.92388 0.0353096
-1.36023 -1.41421 -0.387018 1 1 1 -0.680113 -0.707107 -0.193509
-0.762102 -1.84776 0.0706191 1 1 1 -0.381051 -0.92388 0.0353096
-1.40818 -1.41421 0.130487 1 1 1 -0.70409 -0.707107 0.0652436
-1.36023 -1.41421 -0.387018 1 1 1 -0.680113 -0.707107 -0.193509
-0.762102 -1.84776 0.0706191 1 1 1 -0.381051 -0.92388 0.0353096
-0.685128 -1.84776 0.341153 1 1 1 -0.342564 -0.92388 0.170577
-1.40818 -1.41421 0.130487 1 1 1 -0.70409 -0.707107 0.0652436
-0.685128 -1.84776 0.341153 1 1 1 -0.342564 -0.92388 0.170577
-1.26595 -1.41421 0.630369 1 1 1 -0.632976 -0.707107 0.315185
-1.40818 -1.41421 0.130487 1 1 1 -0.70409 -0.707107 0.0652436
-0.685128 -1.84776 0.341153 1 1 1 -0.342564 -0.92388 0.170577
-0.515624 -1.84776 0.565613 1 1 1 -0.257812 -0.92388 0.282806
-1.26595 -1.41421 0.630369 1 1 1 -0.632976 -0.707107 0.315185
-0.515624 -1.84776 0.565613 1 1 1 -0.257812 -0.92388 0.282806
-0.95275 -1.41421 1.04512 1 1 1 -0.476375 -0.707107 0.522558
-1.26595 -1.41421 0.630369 1 1 1 -0.632976 -0.707107 0.315185
-0.515624 -1.84776 0.565613 1 1 1 -0.257812 -0.92388 0.282806
-0.276482 -1.84776 0.713683 1 1 1 -0.138241 -0.92388 0.356842
-0.95275 -1.41421 1.04512 1 1 1 -0.476375 -0.707107 0.522558
-0.276482 -1.84776 0.713683 1 1 1 -0.138241 -0.92388 0.356842
-0.510873 -1.41421 1.31871 1 1 1 -0.255436 -0.707107 0.659357
-0.95275 -1.41421 1.04512 1 1 1 -0.476375 -0.707107 0.522558
-0.276482 -1.84776 0.713683 1 1 1 -0.138241 -0.92388 0.356842
-1.87461e-16 -1.84776 0.765367 1 1 1 -9.37304e-17 -0.92388 0.382683
-0.510873 -1.41421 1.31871 1 1 1 -0.255436 -0.707107 0.659357
-1.87461e-16 -1.84776 0.765367 1 1 1 -9.37304e-17 -0.92388 0.382683
-3.46382e-16 -1.41421 1.41421 1 1 1 -1.73191e-16 -0.707107 0.707107
-0.510873 -1.41421 1.31871 1 1 1 -0.255436 -0.707107 0.659357
0 -1.41421 1.41421 1 1 1 0 -0.707107 0.707107
0.510873 -1.41421 1.31871 1 1 1 0.255436 -0.707107 0.659357
0 -0.765367 1.84776 1 1 1 0 -0.382683 0.92388
0.510873 -1.41421 1.31871 1 1 1 0.255436 -0.707107 0.659357
0.667488 -0.765367 1.72298 1 1 1 0.333744 -0.382683 0.861492
0 -0.765367 1.84776 1 1 1 0 -0.382683 0.92388
0.510873 -1.41421 1.31871 1 1 1 0.255436 -0.707107 0.659357
0.95275 -1.41421 1.04512 1 1 1 0.476375 -0.707107 0.522558
0.667488 -0.765367 1.72298 1 1 1 0.333744 -0.382683 0.861492
0.95275 -1.41421 1.04512 1 1 1 0.476375 -0.707107 0.522558
1.24483 -0.765367 1.36551 1 1 1 0.622414 -0.382683 0.682755
0.667488 -0.765367 1.72298 1 1 1 0.333744 -0.382683 0.861492
0.95275 -1.41421 1.04512 1 1 1 0.476375 -0.707107 0.522558
1.26595 -1.41421 0.630369 1 1 1 0.632976 -0.707107 0.315185
1.24483 -0.765367 1.36551 1 1 1 0.622414 -0.382683 0.682755
1.26595 -1.41421 0.630369 1 1 1 0.632976 -0.707107 0.315185
1.65405 -0.765367 0.823617 1 1 1 0.827023 -0.382683 0.411809
1.24483 -0.765367 1.36551 1 1 1 0.622414 -0.382683 0.682755
1.26595 -1.41421 0.630369 1 1 1 0.632976 -0.707107 0.315185
1.40818 -1.41421 0.130487 1 1 1 0.70409 -0.707107 0.0652436
1.65405 -0.765367 0.823617 1 1 1 0.827023 -0.382683 0.411809
1.40818 -1.41421 0.130487 1 1 1 0.70409 -0.707107 0.0652436
1.83988 -0.765367 0.17049 1 1 1 0.919938 -0.382683 0.0852448
1.65405 -0.765367 0.823617 1 1 1 0.827023 -0.382683 0.411809
1.40818 -1.41421 0.130487 1 1 1 0.70409 -0.707107 0.0652436
1.36023 -1.41421 -0.387018 1 1 1 0.680113 -0.707107 -0.193509
1.83988 -0.765367 0.17049 1 1 1 0.919938 -0.382683 0.0852448
1.36023 -1.41421 -0.387018 1 1 1 0.680113 -0.707107 -0.193509
1.77722 -0.765367 -0.505663 1 1 1 0.888611 -0.382683 -0.252832
1.83988 -0.765367 0.17049 1 1 1 0.919938 -0.382683 0.0852448
1.36023 -1.41421 -0.387018 1 1 1 0.680113 -0.707107 -0.193509
1.12857 -1.41421 -0.852254 1 1 1 0.564283 -0.707107 -0.426127
1.77722 -0.765367 -0.505663 1 1 1 0.888611 -0.382683 -0.252832
1.12857 -1.41421 -0.852254 1 1 1 0.564283 -0.707107 -0.426127
1.47454 -0.765367 -1.11352 1 1 1 0.737272 -0.382683 -0.556762
1.77722 -0.765367 -0.505663 1 1 1 0.888611 -0.382683 -0.252832
1.12857 -1.41421 -0.852254 1 1 1 0.564283 -0.707107 -0.426127
0.744488 -1.41421 -1.20239 1 1 1 0.372244 -0.707107 -0.601194
1.47454 -0.765367 -1.11352 1 1 1 0.737272 -0.382683 -0.556762
0.744488 -1.41421 -1.20239 1 1 1 0.372244 -0.707107 -0.601194
0.97272 -0.765367 -1.571 1 1 1 0.48636 -0.382683 -0.785498
1.47454 -0.765367 -1.11352 1 1 1 0.737272 -0.382683 -0.556762
0.744488 -1.41421 -1.20239 1 1 1 0.372244 -0.707107 -0.601194
0.259861 -1.41421 -1.39013 1 1 1 0.129931 -0.707107 -0.695067
0.97272 -0.765367 -1.571 1 1 1 0.48636 -0.382683 -0.785498
0.259861 -1.41421 -1.39013 1 1 1 0.129931 -0.707107 -0.695067
0.339525 -0.765367 -1.8163 1 1 1 0.169762 -0.382683 -0.908149
0.97272 -0.765367 -1.571 1 1 1 0.48636 -0.382683 -0.785498
0.259861 -1.41421 -1.39013 1 1 1 0.129931 -0.707107 -0.695067
-0.259861 -1.41421 -1.39013 1 1 1 -0.129931 -0.707107 -0.695067
0.339525 -0.765367 -1.8163 1 1 1 0.169762 -0.382683 -0.908149
-0.259861 -1.41421 -1.39013 1 1 1 -0.129931 -0.707107 -0.695067
-0.339525 -0.765367 -1.8163 1 1 1 -0.169762 -0.382683 -0.908149
0.339525 -0.765367 -1.8163 1 1 1 0.169762 -0.382683 -0.908149
-0.259861 -1.41421 -1.39013 1 1 1 -0.129931 -0.707107 -0.695067
-0.744488 -1.41421 -1.20239 1 1 1 -0.372244 -0.707107 -0.601194
-0.339525 -0.765367 -1.8163 1 1 1 -0.169762 -0.382683 -0.908149
-0.744488 -1.41421 -1.20239 1 1 1 -0.372244 -0.707107 -0.601194
-0.97272 -0.765367 -1.571 1 1 1 -0.48636 -0.382683 -0.785498
-0.339525 -0.765367 -1.8163 1 1 1 -0.169762 -0.382683 -0.908149
-0.744488 -1.41421 -1.20239 1 1 1 -0.372244 -0.707107 -0.601194
-1.12857 -1.41421 -0.852254 1 1 1 -0.564283 -0.707107 -0.426127
-0.97272 -0.765367 -1.571 1 1 1 -0.48636 -0.382683 -0.785498
-1.12857 -1.41421 -0.852254 1 1 1 -0.564283 -0.707107 -0.426127
-1.47454 -0.765367 -1.11352 1 1 1 -0.737272 -0.382683 -0.556762
-0.97272 -0.765367 -1.571 1 1 1 -0.48636 -0.382683 -0.785498
-1.12857 -1.41421 -0.852254 1 1 1 -0.564283 -0.707107 -0.426127
-1.36023 -1.41421 -0.387018 1 1 1 -0.680113 -0.707107 -0.193509
-1.47454 -0.765367 -1.11352 1 1 1 -0.737272 -0.382683 -0.556762
-1.36023 -1.41421 -0.387018 1 1 1 -0.680113 -0.707107 -0.193509
-1.77722 -0.765367 -0.505663 1 1 1 -0.888611 -0.382683 -0.252832
-1.47454 -0.765367 -1.11352 1 1 1 -0.737272 -0.382683 -0.556762
-1.36023 -1.41421 -0.387018 1 1 1 -0.680113 -0.707107 -0.193509
-1.40818 -1.41421 0.130487 1 1 1 -0.70409 -0.707107 0.0652436
-1.77722 -0.765367 -0.505663 1 1 1 -0.888611 -0.382683 -0.252832
-1.40818 -1.41421 0.130487 1 1 1 -0.70409 -0.707107 0.0652436
-1.83988 -0.765367 0.17049 1 1 1 -0.919938 -0.382683 0.0852448
-1.77722 -0.765367 -0.505663 1 1 1 -0.888611 -0.382683 -0.252832
-1.40818 -1.41421 0.130487 1 1 1 -0.70409 -0.707107 0.0652436
-1.26595 -1.41421 0.630369 1 1 1 -0.632976 -0.707107 0.315185
-1.83988 -0.765367 0.17049 1 1 1 -0.919938 -0.382683 0.0852448
-1.26595 -1.41421 0.630369 1 1 1 -0.632976 -0.707107 0.315185
-1.65405 -0.765367 0.823617 1 1 1 -0.827023 -0.382683 0.411809
-1.83988 -0.765367 0.17049 1 1 1 -0.919938 -0.382683 0.0852448
-1.26595 -1.41421 0.630369 1 1 1 -0.632976 -0.707107 0.315185
-0.95275 -1.41421 1.04512 1 1 1 -0.476375 -0.707107 0.522558
-1.65405 -0.765367 0.823617 1 1 1 -0.827023 -0.382683 0.411809
-0.95275 -1.41421 1.04512 1 1 1 -0.476375 -0.707107 0.522558
-1.24483 -0.765367 1.36551 1 1 1 -0.622414 -0.382683 0.682755
-1.65405 -0.765367 0.823617 1 1 1 -0.827023 -0.382683 0.411809
-0.95275 -1.41421 1.04512 1 1 1 -0.476375 -0.707107 0.522558
-0.510873 -1.41421 1.31871 1 1 1 -0.255436 -0.707107 0.659357
-1.24483 -0.765367 1.36551 1 1 1 -0.622414 -0.382683 0.682755
-0.510873 -1.41421 1.31871 1 1 1 -0.255436 -0.707107 0.659357
-0.667488 -0.765367 1.72298 1 1 1 -0.333744 -0.382683 0.861492
-1.24483 -0.765367 1.36551 1 1 1 -0.622414 -0.382683 0.682755
-0.510873 -1.41421 1.31871 1 1 1 -0.255436 -0.707107 0.659357
-3.46382e-16 -1.41421 1.41421 1 1 1 -1.73191e-16 -0.707107 0.707107
-0.667488 -0.765367 1.72298 1 1 1 -0.333744 -0.382683 0.861492
-3.46382e-16 -1.41421 1.41421 1 1 1 -1.73191e-16 -0.707107 0.707107
-4.5257e-16 -0.765367 1.84776 1 1 1 -2.26285e-16 -0.382683 0.92388
-0.667488 -0.765367 1.72298 1 1 1 -0.333744 -0.382683 0.861492
0 -0.765367 1.84776 1 1 1 0 -0.382683 0.92388
0.667488 -0.765367 1.72298 1 1 1 0.333744 -0.382683 0.861492
0 -2.44929e-16 2 1 1 1 0 -1.22465e-16 1
0.667488 -0.765367 1.72298 1 1 1 0.333744 -0.382683 0.861492
0.722483 -2.44929e-16 1.86494 1 1 1 0.361242 -1.22465e-16 0.932472
0 -2.44929e-16 2 1 1 1 0 -1.22465e-16 1
0.667488 -0.765367 1.72298 1 1 1 0.333744 -0.382683 0.861492
1.24483 -0.765367 1.36551 1 1 1 0.622414 -0.382683 0.682755
0.722483 -2.44929e-16 1.86494 1 1 1 0.361242 -1.22465e-16 0.932472
1.24483 -0.765367 1.36551 1 1 1 0.622414 -0.382683 0.682755
1.34739 -2.44929e-16 1.47802 1 1 1 0.673696 -1.22465e-16 0.739009
0.722483 -2.44929e-16 1.86494 1 1 1 0.361242 -1.22465e-16 0.932472
1.24483 -0.765367 1.36551 1 1 1 0.622414 -0.382683 0.682755
1.65405 -0.765367 0.823617 1 1 1 0.827023 -0.382683 0.411809
1.34739 -2.44929e-16 1.47802 1 1 1 0.673696 -1.22465e-16 0.739009
1.65405 -0.765367 0.823617 1 1 1 0.827023 -0.382683 0.411809
1.79033 -2.44929e-16 0.891477 1 1 1 0.895163 -1.22465e-16 0.445738
1.34739 -2.44929e-16 1.47802 1 1 1 0.673696 -1.22465e-16 0.739009
1.65405 -0.765367 0.823617 1 1 1 0.827023 -0.382683 0.411809
1.83988 -0.765367 0.17049 1 1 1 0.919938 -0.382683 0.0852448
1.79033 -2.44929e-16 0.891477 1 1 1 0.895163 -1.22465e-16 0.445738
1.83988 -0.765367 0.17049 1 1 1 0.919938 -0.382683 0.0852448
1.99147 -2.44929e-16 0.184537 1 1 1 0.995734 -1.22465e-16 0.0922684
1.79033 -2.44929e-16 0.891477 1 1 1 0.895163 -1.22465e-16 0.445738
1.83988 -0.765367 0.17049 1 1 1 0.919938 -0.382683 0.0852448
1.77722 -0.765367 -0.505663 1 1 1 0.888611 -0.382683 -0.252832
1.99147 -2.44929e-16 0.184537 1 1 1 0.995734 -1.22465e-16 0.0922684
1.77722 -0.765367 -0.505663 1 1 1 0.888611 -0.382683 -0.252832
1.92365 -2.44929e-16 -0.547326 1 1 1 0.961826 -1.22465e-16 -0.273663
1.99147 -2.44929e-16 0.184537 1 1 1 0.995734 -1.22465e-16 0.0922684
1.77722 -0.765367 -0.505663 1 1 1 0.888611 -0.382683 -0.252832
1.47454 -0.765367 -1.11352 1 1 1 0.737272 -0.382683 -0.556762
1.92365 -2.44929e-16 -0.547326 1 1 1 0.961826 -1.22465e-16 -0.273663
1.47454 -0.765367 -1.11352 1 1 1 0.737272 -0.382683 -0.556762
1.59603 -2.44929e-16 -1.20527 1 1 1 0.798017 -1.22465e-16 -0.602635
1.92365 -2.44929e-16 -0.547326 1 1 1 0.961826 -1.22465e-16 -0.273663
1.47454 -0.765367 -1.11352 1 1 1 0.737272 -0.382683 -0.556762
0.97272 -0.765367 -1.571 1 1 1 0.48636 -0.382683 -0.785498
1.59603 -2.44929e-16 -1.20527 1 1 1 0.798017 -1.22465e-16 -0.602635
0.97272 -0.765367 -1.571 1 1 1 0.48636 -0.382683 -0.785498
1.05286 -2.44929e-16 -1.70043 1 1 1 0.526432 -1.22465e-16 -0.850217
1.59603 -2.44929e-16 -1.20527 1 1 1 0.798017 -1.22465e-16 -0.602635
0.97272 -0.765367 -1.571 1 1 1 0.48636 -0.382683 -0.785498
0.339525 -0.765367 -1.8163 1 1 1 0.169762 -0.382683 -0.908149
1.05286 -2.44929e-16 -1.70043 1 1 1 0.526432 -1.22465e-16 -0.850217
0.339525 -0.765367 -1.8163 1 1 1 0.169762 -0.382683 -0.908149
0.367499 -2.44929e-16 -1.96595 1 1 1 0.18375 -1.22465e-16 -0.982973
1.05286 -2.44929e-16 -1.70043 1 1 1 0.526432 -1.22465e-16 -0.850217
0.339525 -0.765367 -1.8163 1 1 1 0.169762 -0.382683 -0.908149
-0.339525 -0.765367 -1.8163 1 1 1 -0.169762 -0.382683 -0.908149
0.367499 -2.44929e-16 -1.96595 1 1 1 0.18375 -1.22465e-16 -0.982973
-0.339525 -0.765367 -1.8163 1 1 1 -0.169762 -0.382683 -0.908149
-0.367499 -2.44929e-16 -1.96595 1 1 1 -0.18375 -1.22465e-16 -0.982973
0.367499 -2.44929e-16 -1.96595 1 1 1 0.18375 -1.22465e-16 -0.982973
-0.339525 -0.765367 -1.8163 1 1 1 -0.169762 -0.382683 -0.908149
-0.97272 -0.765367 -1.571 1 1 1 -0.48636 -0.382683 -0.785498
-0.367499 -2.44929e-16 -1.96595 1 1 1 -0.18375 -1.22465e-16 -0.982973
-0.97272 -0.765367 -1.571 1 1 1 -0.48636 -0.382683 -0.785498
-1.05286 -2.44929e-16 -1.70043 1 1 1 -0.526432 -1.22465e-16 -0.850217
-0.367499 -2.44929e-16 -1.96595 1 1 1 -0.18375 -1.22465e-16 -0.982973
-0.97272 -0.765367 -1.571 1 1 1 -0.48636 -0.382683 -0.785498
-1.47454 -0.765367 -1.11352 1 1 1 -0.737272 -0.382683 -0.556762
-1.05286 -2.44929e-16 -1.70043 1 1 1 -0.526432 -1.22465e-16 -0.850217
-1.47454 -0.765367 -1.11352 1 1 1 -0.737272 -0.382683 -0.556762
-1.59603 -2.44929e-16 -1.20527 1 1 1 -0.798017 -1.22465e-16 -0.602635
-1.05286 -2.44929e-16 -1.70043 1 1 1 -0.526432 -1.22465e-16 -0.850217
-1.47454 -0.765367 -1.11352 1 1 1 -0.737272 -0.382683 -0.556762
-1.77722 -0.765367 -0.505663 1 1 1 -0.888611 -0.382683 -0.252832
-1.59603 -2.44929e-16 -1.20527 1 1 1 -0.798017 -1.22465e-16 -0.602635
-1.77722 -0.765367 -0.505663 1 1 1 -0.888611 -0.382683 -0.252832
-1.92365 -2.44929e-16 -0.547326 1 1 1 -0.961826 -1.22465e-16 -0.273663
-1.59603 -2.44929e-16 -1.20527 1 1 1 -0.798017 -1.22465e-16 -0.602635
-1.77722 -0.765367 -0.505663 1 1 1 -0.888611 -0.382683 -0.252832
-1.83988 -0.765367 0.17049 1 1 1 -0.919938 -0.382683 0.0852448
-1.92365 -2.44929e-16 -0.547326 1 1 1 -0.961826 -1.22465e-16 -0.273663
-1.83988 -0.765367 0.17049 1 1 1 -0.919938 -0.382683 0.0852448
-1.99147 -2.44929e-16 0.184537 1 1 1 -0.995734 -1.22465e-16 0.0922684
-1.92365 -2.44929e-16 -0.547326 1 1 1 -0.961826 -1.22465e-16 -0.273663
-1.83988 -0.765367 0.17049 1 1 1 -0.919938 -0.382683 0.0852448
-1.65405 -0.765367 0.823617 1 1 1 -0.827023 -0.382683 0.411809
-1.99147 -2.44929e-16 0.184537 1 1 1 -0.995734 -1.22465e-16 0.0922684
-1.65405 -0.765367 0.823617 1 1 1 -0.827023 -0.382683 0.411809
-1.79033 -2.44929e-16 0.891477 1 1 1 -0.895163 -1.22465e-16 0.445738
-1.99147 -2.44929e-16 0.184537 1 1 1 -0.995734 -1.22465e-16 0.0922684
-1.65405 -0.765367 0.823617 1 1 1 -0.827023 -0.382683 0.411809
-1.24483 -0.765367 1.36551 1 1 1 -0.622414 -0.382683 0.682755
-1.79033 -2.44929e-16 0.891477 1 1 1 -0.895163 -1.22465e-16 0.445738
-1.24483 -0.765367 1.36551 1 1 1 -0.622414 -0.382683 0.682755
-1.34739 -2.44929e-16 1.47802 1 1 1 -0.673696 -1.22465e-16 0.739009
-1.79033 -2.44929e-16 0.891477 1 1 1 -0.895163 -1.22465e-16 0.445738
-1.24483 -0.765367 1.36551 1 1 1 -0.622414 -0.382683 0.682755
-0.667488 -0.765367 1.72298 1 1 1 -0.333744 -0.382683 0.861492
-1.34739 -2.44929e-16 1.47802 1 1 1 -0.673696 -1.22465e-16 0.739009
-0.667488 -0.765367 1.72298 1 1 1 -0.333744 -0.382683 0.861492
-0.722483 -2.44929e-16 1.86494 1 1 1 -0.361242 -1.22465e-16 0.932472
-1.34739 -2.44929e-16 1.47802 1 1 1 -0.673696 -1.22465e-16 0.739009
-0.667488 -0.765367 1.72298 1 1 1 -0.333744 -0.382683 0.861492
-4.5257e-16 -0.765367 1.84776 1 1 1 -2.26285e-16 -0.382683 0.92388
-0.722483 -2.44929e-16 1.86494 1 1 1 -0.361242 -1.22465e-16 0.932472
-4.5257e-16 -0.765367 1.84776 1 1 1 -2.26285e-16 -0.382683 0.92388
-4.89859e-16 -2.44929e-16 2 1 1 1 -2.44929e-16 -1.22465e-16 1
-0.722483 -2.44929e-16 1.86494 1 1 1 -0.361242 -1.22465e-16 0.932472
